f_ref = [  0.000000000000000000  0.000000000000000000  -1.629066705703735352  0.213482379913330078  -0.853236079216003418  0.176145970821380615  -1.182542085647583008  -1.852382421493530273  -1.938477635383605957  -2.484683036804199219  -1.200624227523803711  -0.351912140846252441  -1.722830653190612793  0.056704163551330566  -0.711624145507812500  0.018313229084014893  -1.006461977958679199  -0.308243691921234131  0.868759632110595703  -0.555793702602386475  -1.078118562698364258  -1.278799891471862793  -0.822116017341613770  0.531058192253112793  0.377948462963104248  0.427705526351928711  0.802366077899932861  1.987887978553771973  0.763318538665771484  1.109629869461059570  0.846358180046081543  -0.902569413185119629  -0.841179668903350830  -0.798762023448944092  -2.141612291336059570  -3.068308830261230469  -1.816543817520141602  -1.014694213867187500  0.427223503589630127  -0.606017827987670898  -1.896062374114990234  -1.258767127990722656  -2.275542736053466797  -0.914014577865600586  -0.531685233116149902  -1.314205646514892578  -1.431673049926757812  -1.687326669692993164  -3.011022567749023438  -1.046558141708374023  -1.219980716705322266  -0.003095865249633789  -0.651270568370819092  -2.301900863647460938  -0.180215120315551758  0.704147756099700928  0.662985384464263916  0.579350054264068604  2.682734012603759766  3.652390480041503906  3.147775173187255859  2.277315855026245117  1.304964065551757812  -0.762868046760559082  -0.368872851133346558  0.567301988601684570  1.138532996177673340  1.460766434669494629  1.640701055526733398  1.523498296737670898  2.958088636398315430  1.889615535736083984  1.842399477958679199  1.062386035919189453  -0.831616997718811035  -1.517540216445922852  -0.906388640403747559  -1.225124478340148926  -2.126799583435058594  -2.266749382019042969  -2.224255084991455078  -1.460922479629516602  0.110949873924255371  -1.021438598632812500  0.161199808120727539  -0.729554414749145508  -1.604102134704589844  -1.005371809005737305  0.532740235328674316  1.327743649482727051  0.128106236457824707  0.921965956687927246  -0.134872615337371826  -0.878575503826141357  -0.269832015037536621  1.041175127029418945  0.444596648216247559  2.060012102127075195  1.963477373123168945  1.528234243392944336  0.646157562732696533  1.568221926689147949  2.627120256423950195  0.517316937446594238  0.399392187595367432  0.351582795381546021  0.072988227009773254  -1.535631537437438965  0.690844535827636719  0.995970606803894043  0.836369633674621582  1.999599575996398926  1.804361104965209961  1.381737947463989258  1.172080397605895996  0.684846282005310059  1.302551031112670898  2.430643796920776367  2.128728628158569336  2.038338899612426758  1.179955959320068359  1.087127327919006348  1.054329752922058105  1.389730095863342285  1.714730501174926758  2.401630640029907227  1.840141773223876953  1.242345929145812988  0.163540124893188477  -1.633575797080993652  0.282067894935607910  2.170128345489501953  3.782063245773315430  3.906266212463378906  3.659007549285888672  2.407986640930175781  0.720671534538269043  -0.854359507560729980  -1.190351486206054688  -2.751395702362060547  -0.922419428825378418  -0.217383921146392822  -0.948041796684265137  -1.677784919738769531  -1.282762765884399414  -2.369863033294677734  -0.920518040657043457  -0.367139995098114014  0.164161592721939087  -1.190932512283325195  1.315719962120056152  1.157083392143249512  1.510565280914306641  0.681159615516662598  1.227552413940429688  1.569008708000183105  1.730577468872070312  3.374091386795043945  1.822182297706604004  0.353037714958190918  1.203619837760925293  1.628715038299560547  1.419663906097412109  1.513535499572753906  1.233299732208251953  1.450468301773071289  2.052115440368652344  1.254295110702514648  0.909772932529449463  1.062131762504577637  1.589056015014648438  2.037213563919067383  2.570064544677734375  1.618416190147399902  0.834230840206146240  -0.036666691303253174  0.530376672744750977  1.407205343246459961  2.072903156280517578  1.421902179718017578  1.983067274093627930  0.519484758377075195  0.992797851562500000  0.336685478687286377  0.076778277754783630  0.280197709798812866  -0.241658687591552734  -0.821350216865539551  -1.390694379806518555  -0.338020622730255127  -1.546419620513916016  -1.070369720458984375  -1.580772161483764648  -2.731574296951293945  -0.882838845252990723  0.006856918334960938  -0.110116541385650635  -1.942434549331665039  -2.586855411529541016  -2.001232147216796875  -1.571149587631225586  -0.809805393218994141  -1.997258186340332031  -1.114179611206054688  -2.242846012115478516  -0.439824581146240234  0.148770362138748169  -0.486648321151733398  -1.980746150016784668  -1.849113821983337402  -1.068024158477783203  -0.353442132472991943  -0.886453390121459961  0.391826152801513672  0.579042375087738037  -1.249935626983642578  -0.793836951255798340  1.176293730735778809  1.442735433578491211  1.432989478111267090  1.367242217063903809  2.678153753280639648  2.279663085937500000  2.027538299560546875  1.400051832199096680  -0.186979651451110840  -1.362896323204040527  -2.324559688568115234  -1.669387817382812500  -1.153790473937988281  -0.232404053211212158  1.290795207023620605  -0.021590352058410645  -1.687916159629821777  -1.716132044792175293  -1.306291222572326660  -0.512327015399932861  -1.883913278579711914  -2.356321334838867188  -2.938747406005859375  -2.147737503051757812  -1.099214076995849609  0.516358733177185059  -0.121126741170883179  0.646245718002319336  0.478387176990509033  0.732104659080505371  0.453328788280487061  1.877079129219055176  2.594980239868164062  1.430171966552734375  1.211239695549011230  1.092788100242614746  1.756419181823730469  1.807414770126342773  2.189313411712646484  1.582651138305664062  0.810859978199005127  0.678156971931457520  1.847236394882202148  2.994814872741699219  3.056503057479858398  2.368145465850830078  0.550179839134216309  -0.851322948932647705  -1.352701663970947266  -2.687575817108154297  -2.124413490295410156  -2.818952322006225586  -1.094015479087829590  0.314892411231994629  -0.469791352748870850  -0.731923758983612061  -0.898341178894042969  -0.658304512500762939  -0.307020902633666992  0.269534140825271606  0.995795607566833496  0.621861457824707031  -0.574179589748382568  0.394511759281158447  1.222655057907104492  2.574697971343994141  2.317652702331542969  1.154603242874145508  1.792028546333312988  0.997592210769653320  1.602778196334838867  1.437562942504882812  1.462348937988281250  1.302199125289916992  1.445810675621032715  1.282564282417297363  1.757709980010986328  2.379594326019287109  2.089226961135864258  1.307363748550415039  -0.242036461830139160  0.719986021518707275  1.477061033248901367  2.701612710952758789  ]; 