f_ref = [  0.000000000000000000  0.000000000000000000  0.036566823720932007  0.084032312035560608  0.168324336409568787  0.256292641162872314  0.364483594894409180  0.455166369676589966  0.538975596427917480  0.588060915470123291  0.599541783332824707  0.596303701400756836  0.565251350402832031  0.505078434944152832  0.424875676631927490  0.341431200504302979  0.257319688796997070  0.238431781530380249  0.303775936365127563  0.399507433176040649  0.475831687450408936  0.539366662502288818  0.568205654621124268  0.565472424030303955  0.542333006858825684  0.554365932941436768  0.613508641719818115  0.672717869281768799  0.704674124717712402  0.702688992023468018  0.672588706016540527  0.663248658180236816  0.690736949443817139  0.718603909015655518  0.729975342750549316  0.712080657482147217  0.693802475929260254  0.698393225669860840  0.740337789058685303  0.780786335468292236  0.799998521804809570  0.787795782089233398  0.760224997997283936  0.736608922481536865  0.736997842788696289  0.741575777530670166  0.730838596820831299  0.701328694820404053  0.697923302650451660  0.744346976280212402  0.795200884342193604  0.821228623390197754  0.805275082588195801  0.761688053607940674  0.754385769367218018  0.801437795162200928  0.828383326530456543  0.818462669849395752  0.772989928722381592  0.729038000106811523  0.754090845584869385  0.852523148059844971  0.914183437824249268  0.924857974052429199  0.897612452507019043  0.844488322734832764  0.820807695388793945  0.879472732543945312  0.934824943542480469  0.931618332862854004  0.898621261119842529  0.851482450962066650  0.850476980209350586  0.905191123485565186  0.935907185077667236  0.932874441146850586  0.897881686687469482  0.834366977214813232  0.746165275573730469  0.728563070297241211  0.794960379600524902  0.831105768680572510  0.821232020854949951  0.790695250034332275  0.753022372722625732  0.724018335342407227  0.703731000423431396  0.668037533760070801  0.603737294673919678  0.560645759105682373  0.562242507934570312  0.629747927188873291  0.686071634292602539  0.706999659538269043  0.691857159137725830  0.646150708198547363  0.612223386764526367  0.598435342311859131  0.555957674980163574  0.465109944343566895  0.371309101581573486  0.333810865879058838  0.386201083660125732  0.483182430267333984  0.556809544563293457  0.603534221649169922  0.632082164287567139  0.653352022171020508  0.678378462791442871  0.681813538074493408  0.661010086536407471  0.617682218551635742  0.549037992954254150  0.435119450092315674  0.370462268590927124  0.414971947669982910  0.527247428894042969  0.606812894344329834  0.645861744880676270  0.653286814689636230  0.638494789600372314  0.608168184757232666  0.564580559730529785  0.511770009994506836  0.456284552812576294  0.383728981018066406  0.356959044933319092  0.426906853914260864  0.538084805011749268  0.620311081409454346  0.666655540466308594  0.684971868991851807  0.685565173625946045  0.678262472152709961  0.670347511768341064  0.635951817035675049  0.581868052482604980  0.500743746757507324  0.427903145551681519  0.392132908105850220  0.449693113565444946  0.551797211170196533  0.626027643680572510  0.660641372203826904  0.662391006946563721  0.641274869441986084  0.607437729835510254  0.570332944393157959  0.538672983646392822  0.491227656602859497  0.430654227733612061  0.337914466857910156  0.288925111293792725  0.371545016765594482  0.514106571674346924  0.624483048915863037  0.698355972766876221  0.744899272918701172  0.775058090686798096  0.768263220787048340  0.727411389350891113  0.692560076713562012  0.671616613864898682  0.634527206420898438  0.571021020412445068  0.494538754224777222  0.480846285820007324  0.562178432941436768  0.637524187564849854  0.691312730312347412  0.727255702018737793  0.730524897575378418  0.697893202304840088  0.661965191364288330  0.638416051864624023  0.640977978706359863  0.640813887119293213  0.614918649196624756  0.570212900638580322  0.512674212455749512  0.494197130203247070  0.530918896198272705  0.554008066654205322  0.562329411506652832  0.544238448143005371  0.498917460441589355  0.468595981597900391  0.485956072807312012  0.526071250438690186  0.558112025260925293  0.564504563808441162  0.545739889144897461  0.508917987346649170  0.507486462593078613  0.557310879230499268  0.588871359825134277  0.588219881057739258  0.554649889469146729  0.482167899608612061  0.378535926342010498  0.246837928891181946  0.215660914778709412  0.342327564954757690  0.432982444763183594  0.481575250625610352  0.500190615653991699  0.502236068248748779  0.501013278961181641  0.508403003215789795  0.492111444473266602  0.421780914068222046  0.278427362442016602  0.176935404539108276  0.131282687187194824  0.210738211870193481  0.321287214756011963  0.385480642318725586  0.409396409988403320  0.407718569040298462  0.397994309663772583  0.400948464870452881  0.437146812677383423  0.465997248888015747  0.452217340469360352  0.426841437816619873  0.411028712987899780  0.416712403297424316  0.458218038082122803  0.502288222312927246  0.531980276107788086  0.549034595489501953  0.561779856681823730  0.580736577510833740  0.583454370498657227  0.566515922546386719  0.533569693565368652  0.486690729856491089  0.412624955177307129  0.239459142088890076  0.202556759119033813  0.200134724378585815  0.203407824039459229  0.196378275752067566  0.192520454525947571  0.208559036254882812  0.172204032540321350  0.017298907041549683  0.035936884582042694  -0.051834698766469955  -0.130131572484970093  -0.179100275039672852  -0.198179662227630615  -0.208115160465240479  -0.234817519783973694  -0.297556757926940918  -0.353831231594085693  -0.407298862934112549  -0.429686665534973145  -0.422506004571914673  -0.374293386936187744  -0.275631427764892578  -0.157243549823760986  -0.189381033182144165  -0.356950819492340088  -0.479184329509735107  -0.555784344673156738  -0.599403619766235352  -0.623614609241485596  -0.641813218593597412  -0.633072018623352051  -0.603093683719635010  -0.577682256698608398  -0.539898633956909180  -0.504282951354980469  -0.484499037265777588  -0.496535629034042358  -0.552970945835113525  -0.612570524215698242  -0.651042461395263672  -0.668349504470825195  -0.672596514225006104  -0.674588322639465332  -0.663262724876403809  -0.632508158683776855  -0.585587143898010254  -0.568335831165313721  -0.596272766590118408  -0.629320621490478516  -0.644389152526855469  -0.643383622169494629  -0.607705950736999512  -0.574122846126556396  -0.536652088165283203  -0.495319068431854248  -0.456067144870758057  -0.380349516868591309  -0.287392079830169678  -0.212602913379669189  -0.213962003588676453  -0.276255548000335693  -0.347634792327880859  -0.394751578569412231  -0.404980927705764771  -0.394386112689971924  -0.361960709095001221  -0.315424323081970215  -0.285368174314498901  -0.318807125091552734  -0.373604327440261841  -0.380909860134124756  -0.374541372060775757  -0.357971012592315674  -0.346006214618682861  -0.360383719205856323  -0.418087005615234375  -0.473958432674407959  -0.530900418758392334  -0.562090814113616943  -0.570730566978454590  -0.571190595626831055  -0.580891072750091553  -0.615039587020874023  -0.646340906620025635  -0.663020431995391846  -0.666203439235687256  -0.662409245967864990  -0.660673558712005615  -0.670870602130889893  -0.669367551803588867  -0.647693097591400146  -0.613640308380126953  -0.628262400627136230  -0.712342321872711182  -0.778642058372497559  -0.799479544162750244  -0.776565253734588623  -0.748955070972442627  -0.741072237491607666  -0.771846711635589600  -0.802776932716369629  -0.811403572559356689  -0.779260993003845215  -0.717910110950469971  -0.692776322364807129  -0.726301610469818115  -0.746308267116546631  -0.737823367118835449  -0.704381465911865234  -0.655987739562988281  -0.649495065212249756  -0.709409892559051514  -0.764144480228424072  -0.784896314144134521  -0.768344461917877197  -0.751645922660827637  -0.751504540443420410  -0.741575717926025391  -0.717323660850524902  