fld = [  0.000000000000000000  0.000000000000000000  -0.324284866489754353  0.849406829960281717  -0.043010349468450726  -1.639498245574918744  1.228119026358911015  -0.889431550078762956  0.333388864450759381  -0.084548295209966470  -0.162517893628629451  1.443149898751176163  -1.765868971254184183  1.865089947346652233  -2.674253618343891414  1.904817628176979971  -0.965749404598694738  0.710673221156379098  -1.068220588197054566  1.983471260617471810  -2.941190370302435575  1.616227670053885346  0.763063941720612982  -1.652544491903255697  1.654248596111978609  -0.622608220319598393  0.093970687480540604  0.168212405332632847  0.584817071297999425  -2.041382888460496758  2.435793293867863696  -0.956613292074167232  0.738586127467848241  -0.519790784455506305  0.328887993565261827  -0.228477431711637813  0.461190800672500179  0.423890802788235044  -0.639499107985643911  1.265157054359696387  -0.371771267424997276  -0.227673844458015195  -0.212035700951032385  1.211017647553628507  -1.841921549992678875  2.112148129872416735  -2.067813738169961280  1.915251333372576914  -2.135482948085091426  2.710658949843088195  -2.995993760862895261  2.759191634084936506  -0.789912856644530259  0.547822620605247002  -1.872651377323172328  1.013292965724779116  1.684161025996819605  -3.657923268910082903  3.179212278702571393  -2.987244928995713700  3.299783567307563281  -3.778001236893256287  3.910066446483938307  -3.349793012254242086  2.654513148213504703  -2.833271790060515105  3.885414633934206385  -4.376475936584033555  3.793616807287969461  -1.864149466911291242  2.619116139259355602  -3.283675321993443585  2.555399517035065404  -1.215770636060619081  -0.107639644861068529  -0.064282395892083455  0.429853854527521950  -0.007697403833552920  0.154522926654458076  -0.235695224767244527  -0.019487379237577394  0.333648961477223505  -0.161100398740534834  0.579093626292073393  -1.799172892337831620  1.539956106432297300  -0.320573199097258621  0.758144601970861420  0.363569218957044304  0.620840751474015629  -0.900275396187073307  2.139652065949455118  -2.034809515384553347  2.923950436175871470  -3.432584114248534490  3.982906789045697948  -2.589093874989110589  1.176674765880285634  -1.852560081998635422  3.018816699013042282  -2.360779742778361445  -0.111240285083996721  0.707791733842341286  -0.333343326531470530  0.367294583506833139  -1.646598099984929231  1.530896669920764008  0.023933952679772108  -1.465938168587644697  -1.558173372331537854  3.679616219054965498  -3.214283865051336342  2.963550013603077460  -3.221790753563923193  3.399661257684986726  -2.906035682796815234  3.114860846557863105  -2.956504886741533777  2.699104678758931009  -2.823937595717703086  3.124923867336478533  -3.851333179157552689  4.096280907474034727  -3.588806049493908024  3.448850448531102231  -3.666779773918866780  3.364975179787091264  -2.993666986927129514  3.249444852227437508  -2.849286066391107042  2.488897109968881693  -3.681058542306538506  4.122975670675434579  -4.050349548194723148  3.849476292988035286  -3.394125263941760284  3.562161942563156991  -3.239875646940304055  2.605044207970125481  -2.907027391079243017  3.906974220045310808  -3.616129388949519186  1.473341280367919559  -0.170481756280073143  0.159590651226015401  -0.874458141528905664  0.382871309060509479  1.509100228009673916  -2.006543657946946002  2.126063950742789199  -1.735636867323222310  4.389382885075958640  -5.298542870418901707  4.377892805175554791  -5.248189107593922209  6.013956996272929345  -5.264100705678261605  5.288243356371515880  -5.852112819676482225  5.603682380357530413  -5.341719439147207815  5.284224480004175106  -4.741960778840100588  4.826234356508425805  -4.509839352154664027  4.101055343197490544  -4.207060842207051010  4.154914915407836418  -3.730251135736716073  3.880687655726334562  -3.450960756903337590  3.216310527429450783  -3.429639822412430927  3.302243743565710599  -2.946226364640074369  3.128301849762947118  -1.769139529928738463  0.379391774204916377  -0.335712665238544650  0.622168128969681544  -1.308573354627416085  1.278884802799170162  0.290215443973140697  -1.522467358801515402  3.389816306701230797  -4.464002721329714873  5.059076951036119318  -3.775291485996814966  3.711194366196160832  -3.717214188574208045  4.101565076749815297  -4.434076977265711150  3.169387239385027755  -3.504200177795403270  4.033742385277096609  -2.498339974868093893  1.984500110794985339  -2.484563331243396345  1.238323536083823617  0.208852302057677908  -0.771856903247271742  0.680200900372022299  0.335789672064135403  -1.144338830207380253  1.245965391005534606  -0.324423907660817690  -1.927397188952645113  2.451817504509171464  -1.069353058529185496  1.373565567847607749  -0.342277339935152691  0.828090662476157480  0.086299132314887991  0.388203644793623848  0.975836100771251602  -1.517762675599872324  2.629108325143077352  -3.302492628461138668  4.771163767103686837  -5.400037152958006459  4.308903359239043773  -4.409192418138395908  4.611707420636299126  -4.171197890142798848  3.745457994005607194  -3.234930471551742848  3.077281946199729390  -3.191310284009806431  3.160152135310308807  -2.834930751969951590  2.983276185034407835  -2.505214843699493432  2.698430306331794259  -3.579773970998959776  3.378369710156100325  -2.899609704147906974  3.085223995172090561  -2.736971874494589230  2.614464055755984173  -2.869770876317793817  2.664382248371817585  -2.270894909754660240  2.497274598082526609  -2.080757594367328434  2.922047759090703689  -3.650292496331044134  2.557175041914679259  -0.880314587822480621  -0.424717945969563471  0.330275819299421403  -0.308170891941632386  1.674180587460191605  -2.378688603771215604  2.828448096927418387  -2.997466983186089617  2.742486352076441314  -2.375854282701602482  2.628206804886087600  -2.184994399816841515  2.278687596067276555  -2.398946158195581546  1.984424612021650436  -1.719615168589446741  2.020234111839462887  -1.524641047936806215  1.078986738687376157  -0.909304194510923591  0.738955965202819698  -1.128162754513629684  1.379835581115946175  -0.289052101380164628  -1.395071758846763377  2.759586476142911859  -3.251725849084231346  3.860316841684837463  -3.901127321107436874  1.950715884906270015  0.254043123655085357  0.506537068748500019  -1.983548740400033150  2.665958684665224343  -1.089697390656227727  -1.641638010194071295  2.886124913837247341  -2.321039113370283680  2.714335532907692361  -3.248982224344956649  3.170105707892298064  -2.944815418282944464  2.792332425050376710  -2.376903039789381999  2.675049536443686815  -2.179500805730003599  2.189223252965998956  -2.381112574304695695  2.074149698892536531  -1.739536090752501263  2.002775582991493941  -1.465502128869042631  0.739238826758792378  -1.003511993033337601  ]; 