fld = [  0.000000000000000000  0.000000000000000000  0.012954184392333130  0.053771905269367808  0.122408603111195113  0.207031550785501756  0.301292361497120853  0.389746636621506326  0.454105110375329690  0.482543276158100332  0.458314982337256649  0.386106035456106500  0.265682127115335454  0.091314597558767849  -0.127890410007610950  -0.377548175174298895  -0.610637870823539486  -0.751808254626595174  -0.751405357108826943  -0.625025020961131217  -0.415398047537930137  -0.158007549553491305  0.120021268973742337  0.378576132160269974  0.584538173748976764  0.725421646048126756  0.812532716370586106  0.849016482165493636  0.834002524973744608  0.759443180238192017  0.612680379190768787  0.390107729800622305  0.117004444383904532  -0.158270393500176215  -0.386997762044191007  -0.545962905182812430  -0.658070260078056246  -0.737755426393272629  -0.775408703654288156  -0.744289865475085022  -0.619013082162544470  -0.412549950707976121  -0.168701998945325726  0.075101462368997493  0.286059381023312909  0.446665985155101197  0.556864199572871588  0.614973251192892478  0.618266138646697883  0.553559482528431124  0.413829914349663763  0.199894259296969551  -0.064196504731314760  -0.310481744965842743  -0.483153005895929688  -0.578620871687268612  -0.632652802534305336  -0.656259246477721714  -0.628658669585052565  -0.516565315030916405  -0.307636103343180034  -0.044044102533631412  0.185901986521167711  0.343007880977301116  0.449651360695406566  0.518053181343624991  0.577807742819183789  0.638497256928041712  0.631090691171372731  0.508656418715788483  0.317693245248203027  0.117461163991519985  -0.041270574163790201  -0.133807664813943156  -0.200358604616713537  -0.266687502208676930  -0.314574099462650580  -0.324274205854809594  -0.277925202599438537  -0.150414625973203181  0.037158495293629940  0.202504968272906982  0.303902885882864182  0.368920351940445090  0.428254101713566482  0.488297615584624478  0.516216041178910179  0.474690355777708239  0.385138770379385820  0.303537538414803632  0.258018610274562687  0.241486677506806163  0.206037365378618664  0.120923082896139997  0.005119375283610103  -0.115633210033408887  -0.193970747329183485  -0.193670448385511368  -0.131728405280137850  -0.041786609967804804  0.051407789453429512  0.156809798550138546  0.258784995163054421  0.327464267264107489  0.347845458826435028  0.317312391488975165  0.253296998683460117  0.175406248508901602  0.101833035801020363  0.027369767706106257  -0.050856428551280863  -0.111886763160594482  -0.134604124755351884  -0.100406009209620117  -0.013730547875946629  0.085579874853572296  0.171262488874607849  0.216686668905919450  0.210359049938317527  0.169635153904620112  0.117154591546066458  0.075994887609870748  0.066005343363272517  0.099995456336708283  0.144646744554804835  0.168309016518885995  0.205862116308906495  0.260731059977952540  0.296961169086216281  0.283989341455696043  0.215503214537024063  0.114316896999684114  0.006479810951547696  -0.082661606852172262  -0.131765670821671871  -0.145560705998403067  -0.144692314766591890  -0.136690893977520794  -0.080517142018412521  0.041644787783273865  0.188914064019760047  0.318139018949811836  0.390677854228817789  0.392608598185730462  0.341635931610593246  0.261085363942068049  0.175880606872701128  0.109028459192830177  0.078533781396098609  0.075310890808036879  0.073722932090983059  0.086169129683170476  0.144949594267880233  0.224745408286059212  0.283966195146798883  0.292202374754866101  0.241310231224363153  0.151098185564601056  0.045571134567364863  -0.069694129873345625  -0.190573603029971006  -0.272397631812376584  -0.275064790501044765  -0.225350433006397621  -0.159826870374825625  -0.056443457008612898  0.113675469184710179  0.325124795085286855  0.506642554656533517  0.619838546319267603  0.667395563670863168  0.641007731436159967  0.535521227736207472  0.390433907285872461  0.252299947550680970  0.144812184915205228  0.052076337253711545  -0.054768278920760485  -0.153994762031480437  -0.207856837041717757  -0.180455251273312078  -0.068749303143896948  0.070172167525196616  0.185317974675078240  0.262227877341522586  0.310334973081521859  0.361122195698182991  0.432476450148091607  0.494255958541088891  0.506727416372178330  0.456353190818641008  0.358350494048381096  0.235208311434362605  0.131649887120043996  0.080977344456596281  0.047652906166379544  -0.000969073923208963  -0.051652701036660642  -0.083772094822626056  -0.056908213005787765  0.040002707424154876  0.145446438152104451  0.197395110037610066  0.185637785678191225  0.132311795276575522  0.057905059549789695  -0.014228416786685398  -0.063074851718061209  -0.073444916620664227  -0.056794090541121493  -0.020564331983002712  0.053801542553619713  0.142971049226520541  0.184136949923783405  0.150884214983563608  0.065150872967879622  -0.041602372600791734  -0.146005486794666767  -0.225451664513385774  -0.263048204693111021  -0.250181680815954877  -0.187486069780180065  -0.100202631153724686  -0.004117651815542408  0.110717550190515435  0.230218533958892718  0.338061334044235995  0.433026122471081187  0.490585967937311851  0.493532965936717472  0.453455409628653994  0.386590282865269197  0.310809921791514232  0.224173533986524676  0.122591375893391530  0.024565991856522303  -0.047694307957730650  -0.071405681941002969  -0.025914119518310991  0.088109257867482221  0.195094677542342443  0.231468418314893398  0.204009822673262037  0.133758190440053659  0.048152337956566295  -0.019551233903592556  -0.039064899619111387  0.025825827129364182  0.145817181638811494  0.278115262651913719  0.383638510658242060  0.427011321207342087  0.422055452287952160  0.388295140803821326  0.347888978052094566  0.305775020875306336  0.259360602119065864  0.213215683677275225  0.163970689593433722  0.123583909282925439  0.120128986997001808  0.169856727363512011  0.287423429487267124  0.455763275564012860  0.600237224268662772  0.669669722128410028  0.664348710208216287  0.596091628240244531  0.484590731131926744  0.340713915220855423  0.171702674451935211  0.000308129321988350  -0.164407452109569197  -0.331250879402376186  -0.473840659241918483  -0.553652700665878350  -0.542411947984036691  -0.444846710649563659  -0.289068939297080552  -0.102257617901836448  0.095631773435428377  0.290802457057718289  0.472646010743062950  0.618147865593769996  0.705979694185316919  0.731861647476868438  0.714586749458357651  0.666849532728138072  0.594989110978114688  0.513498567561967878  0.419265076648795532  0.308546823911197587  0.190755893752980715  0.064761746167853476  -0.069090000417717803  -0.220745345022693329  -0.401964364304717381  -0.603861290242152737  -0.808820439953318315  -1.014079819128239190  -1.226350042186117539  -1.412713754646416575  -1.492939924162832721  -1.400217683478151010  -1.100869298461618628  -0.608568451809207711  0.013404309019249688  0.682613554306058412  1.270068905462959252  1.668849804317320551  1.858355154661752717  1.854966886358619282  1.685073155618336260  1.386930151677012946  1.005403119076111684  0.572022371305998090  0.110811713593567535  -0.337910618918525862  -0.746254190989895427  -1.090479637198439100  -1.344530562049500499  -1.484986807925757990  -1.481504966014666413  -1.329870594798830297  -1.059678447900566534  -0.708420580118569232  -0.317003988535629166  0.074157747847889491  0.447180024610971116  0.787099671536906742  1.059238556959945621  1.213293884586974736  1.209323384621177722  1.064889327742256420  0.828770800934662488  0.539529379914758578  0.232502212237180705  -0.076534582791471406  -0.378154865828066344  -0.660451924528532519  -0.913351203555907487  -1.112770836740673230  -1.201110522179825502  -1.145657083220982697  -0.969923514274319332  -0.729074896346725398  -0.452802383116611584  -0.145980234931277764  0.181080749710926997  0.526714635803393949  0.868722609661298328  1.127362673696156392  1.246345846477761921  1.227205955040238772  1.106981928961980444  0.929301676799593634  0.697520578964744176  