flq = [  0.000000000000000000  0.000000000000000000  0.014437295904819066  0.045639264151227300  0.076964484941966074  0.093638496210637509  0.089614292833722811  0.056342798358156546  0.000680196279503041  -0.076462607676284391  -0.181345328220325869  -0.310876681450367454  -0.449412167929026052  -0.570369002689072757  -0.648290113767198029  -0.625609053002441851  -0.464553606161035082  -0.195916034593081601  0.119379355085480671  0.424492546498984435  0.672914960776749949  0.839613406027094444  0.903367099950534214  0.857163356785285768  0.726001544656377007  0.558048108665508025  0.390675832468372453  0.216023847404851116  0.017554513999413338  -0.199282672432564312  -0.406695640631644872  -0.555911190596919402  -0.603812413433744921  -0.559399756406122384  -0.450734215914434133  -0.304929695533536382  -0.138557737113240514  0.048194394743636314  0.250180538189562651  0.452488412467828616  0.639396131884343966  0.769946233711383599  0.805744306097783802  0.744253958602433485  0.595641758504925067  0.397679329811871707  0.182911024702083369  -0.038129079467157712  -0.274204267686006087  -0.524745770755274066  -0.741678005704375143  -0.875163187118488284  -0.897680956967175203  -0.809839216574156695  -0.661292942687244922  -0.503023173990633121  -0.330561710417986210  -0.124155791619124184  0.105888252542837111  0.332305801994204786  0.490378403237035132  0.530339574687647475  0.466572835993468438  0.361712640211523606  0.250508101286473828  0.143430270771507884  0.034377370256621215  -0.118003151772372222  -0.327060609926478230  -0.523215415652011906  -0.636312177046882255  -0.651639253934375828  -0.597012044994503333  -0.517160112249833159  -0.428335353539576302  -0.316388095036840289  -0.175281316026586698  -0.009163370366533549  0.168198306406807746  0.302969665105690344  0.334583677178897365  0.284231643749312257  0.205590155285409332  0.128188146120946644  0.056913533163360099  -0.019232271084546483  -0.122148592463523359  -0.239416548089210174  -0.322681057924066206  -0.359142374642764328  -0.378632043047230082  -0.406615213720876667  -0.447098615454764425  -0.470973128535051522  -0.453928738144533772  -0.383673546427749201  -0.262856517629362907  -0.122892237212364683  0.005242685021394498  0.105965589629109014  0.170060180519837206  0.171457077091121762  0.084052476731744069  -0.060043102963392180  -0.209600088264953910  -0.329650721364366961  -0.409609760557224811  -0.446899460559947892  -0.446207801765793666  -0.416767407496807019  -0.355374853973265847  -0.259597856435657581  -0.137519661546895738  -0.008281828572545717  0.064342217449001649  0.040797881949883937  -0.044197730957507224  -0.142607080395253494  -0.219875309748418651  -0.262143543608165719  -0.264287767248854721  -0.230770909511659822  -0.175731098982587847  -0.122856122646319829  -0.097130276106898963  -0.087229880273736085  -0.100651016809616703  -0.171107841403455946  -0.280157613434232566  -0.387536036342459145  -0.463058984740435442  -0.490483457784313903  -0.464278680392792742  -0.389392659245677841  -0.280144228423865604  -0.159296265774754975  -0.048818164368484518  0.052691923248800156  0.143848122735738132  0.181905525828409881  0.136772377599314737  0.027124464830887526  -0.105926443006005441  -0.229249930029704369  -0.320697401775906943  -0.367702112116249646  -0.367899009833420720  -0.328721552990761001  -0.266347070436044275  -0.200736462588375936  -0.146418002299576022  -0.094826181057122039  -0.073109953646087258  -0.128067031053404390  -0.240462042506494889  -0.362454411096124918  -0.458089885710775746  -0.509841559644949371  -0.509998248269102450  -0.466281462825664905  -0.377749233800711126  -0.237574863089985128  -0.068958553727774208  0.081323208506726738  0.203039138796496044  0.310357227552585879  0.368178595096445682  0.326459315050564025  0.203133336709008017  0.045574553443865413  -0.121524811521861606  -0.287046877081142238  -0.428971680469475813  -0.510675269340958193  -0.524757522219421291  -0.488743527277667511  -0.440484832653954272  -0.386981330285474823  -0.294231914462416200  -0.154842697510606836  -0.008771189553406104  0.085096889804384304  0.118047560227448070  0.109598945884529106  0.076084265943049845  0.037926107421356062  -0.002649270718678070  -0.066344140263182527  -0.157321367662117712  -0.264332419414122333  -0.365990931350866744  -0.435494210259948222  -0.456526484181056180  -0.428334604167093291  -0.376542390717135800  -0.329356446309714945  -0.279088854372549988  -0.208230892576397958  -0.110599249521663653  -0.006095077292274400  0.047487807212383382  0.006252539201932607  -0.117542332190990223  -0.250708858488624786  -0.337413949679298941  -0.370445601058068785  -0.352892597926271312  -0.296526733290783662  -0.220118305010075149  -0.141055383170876847  -0.062993179421970441  0.000465007027027590  -0.003653950029072258  -0.087199728014730901  -0.207691098277118985  -0.324324853725868389  -0.394404153363109466  -0.396223165769006513  -0.341719941785051107  -0.250804139284976968  -0.147527065334249446  -0.056575676576827882  0.011438260103488935  0.060531493810130482  0.081415304146289114  0.066369627870254910  0.020904175875026462  -0.054078252190495286  -0.154448080089369083  -0.259268469804606660  -0.347808169753861307  -0.407576331936933600  -0.434361305054494384  -0.437199262290600521  -0.412908609584645814  -0.350853280783327670  -0.251052922995730621  -0.125021262988712911  0.000871065313738243  0.063563856363036547  0.026843721059620494  -0.051269794579227111  -0.114690341522889760  -0.140539957527564124  -0.115412114576483676  -0.035967248841649972  0.084717557204265215  0.208154035935842668  0.264034626044214182  0.229900803398298520  0.138266122531839952  0.038872843698389913  -0.045219331275564940  -0.099867870340374573  -0.120465390387779411  -0.121928568241259680  -0.108271953050341832  -0.086827733866373491  -0.058486940277788065  -0.006214910420695406  0.073209914734824522  0.160235439145039182  0.207736819780297371  0.179227861467702476  0.076978076824743918  -0.069852413198351296  -0.224011118001893106  -0.355999512874393964  -0.445478237425901202  -0.496395899385212003  -0.525646230672371151  -0.540470004584301611  -0.541546501072786235  -0.485047164655014851  -0.336723523834222549  -0.117777569553815339  0.138735954277568851  0.388140141935973570  0.585244400846559043  0.712000970225170171  0.776040147887810283  0.785872658704199090  0.730642333285648093  0.606501168551200620  0.437266641024361080  0.268317159862767385  0.134026773071272670  0.021304843272191398  -0.094098196257698954  -0.220390889514357508  -0.357577048866564107  -0.485013038873497893  -0.588534108072775619  -0.668976658297841031  -0.723959883848714458  -0.764060437698966255  -0.786386027021288347  -0.769872103115628925  -0.700236430869832782  -0.576082405993047275  -0.378647444014337309  -0.068749605950472609  0.360310984803514145  0.856275959889205462  1.325925405085348396  1.669796229030092061  1.818650258253010410  1.732677130668072607  1.412154961126772301  0.919203532341410501  0.352990497003973114  -0.201822859939811389  -0.691834137951748640  -1.077213672979820958  -1.333205008606886510  -1.462387728798303810  -1.464414326142803757  -1.349437329876659986  -1.134931031022012649  -0.824856563233367313  -0.432630558458875547  0.018090302299743739  0.481609091828645919  0.900269685151968924  1.233791707905483204  1.454869622088269976  1.549676744646052429  1.517096753662691366  1.371969793787662262  1.122721313052039482  0.777039359865549062  0.349657199080659953  -0.118332071870714456  -0.541869967309090539  -0.862628189526086664  -1.071501680159068881  -1.190152113442491943  -1.241444101449502124  -1.225890337743051006  -1.124883822461543392  -0.919896104364123168  -0.614168366075076522  -0.240196471143495793  0.126009245251970048  0.419265941927774555  0.641871866812224856  0.812347568724083535  0.920292987293502285  0.954445462749050955  0.892440856919284542  0.709716677176245425  0.418620105092687655  0.071767044777868425  