flq = [  0.000000000000000000  0.000000000000000000  -0.778162933283810365  1.324758296301140170  -2.149195456096857360  1.412335949194690743  0.438000715643225180  -1.264686700507128281  0.865467829209236150  -1.489636731198130004  1.956463184173993453  -1.565213380880086325  1.561141425059255905  -2.313049745478345187  1.786297177791164037  -0.203447215258082931  0.987897326015650612  -0.697401667555667348  0.765250086029302334  -0.710838557080373801  -0.701419505521290287  2.678546646654228258  -3.063988581637675512  1.116006138697240857  0.188355098568470242  -0.227400360606468538  0.466466555952295858  0.779372969104898061  -1.699423581333203037  0.738390016166868834  0.826109151774521044  -1.454192671353889965  1.816548007963915135  -1.353157957377795650  0.779321464982221879  -1.103165808299873207  1.178183837758088437  -1.571051668889438924  1.838727191590925791  -1.022251506012718636  1.356040854371497240  -1.419514210410327326  1.907875710486597987  -2.153510907687242515  0.738062969985613049  0.145613446692744258  -0.121789717547141782  0.851358549905449791  -0.628564053489968022  0.071901441146383860  -0.941409469639462926  2.211579369660584771  -3.618467179720510352  3.857130092870903582  -4.020398243957689743  5.042799223287358856  -5.061966075908838292  4.060146390950156281  -2.794793123951205160  2.846127618521623770  -2.881181906541207649  1.328954134893560735  -0.324811508976856511  0.381181348550960919  -0.899760115577870168  1.613408419147022155  -1.284821918534473362  -1.120348731322020619  2.895547860795849360  -3.289393899418242118  2.996911305211071408  -2.646153147777334791  3.378828226767940368  -4.127682155419687859  3.201364752559084259  -3.479275623670166517  3.406810041680857104  -3.107752243800283587  3.385263581319813309  -2.964158843735583915  2.701245692875977600  -2.932475984211919240  2.698966060147252044  -2.615624483500218922  1.731820971893921035  0.167689561074268634  0.376383544017386940  0.079624632849020965  0.175592043210840931  -1.315410880648196335  1.537582481554204072  -2.123689486343612209  2.293505874178181525  -2.568753449832753333  2.675234242335893686  -1.175199323334719548  1.130997139698028509  -2.672681779132666247  2.932132662544549184  -0.825475066434277260  -1.585322734280549595  2.231935400823590321  -2.185874683448157274  2.301512766564644874  -3.448592557782693468  4.035584952777677259  -4.581541939388160678  4.927050330798477873  -5.703624676914507141  6.506773375413043681  -5.504391941458633752  6.027846500077238545  -5.583880329802743958  5.052204969852879479  -5.104378705609020628  4.829202156279339242  -4.417676107282938247  4.615550858126542977  -4.100915332153988402  3.833399349742504292  -3.856843099233922878  2.358390007211510486  -1.427294630762458327  1.532500553518689745  -1.157768388485933997  1.254792534917628100  -1.440769612670713684  1.240835834935333892  -1.030181128038796246  0.947274335560378433  -2.755006941390191866  3.225184282813942538  -0.729092785308638636  0.073449669251367894  -0.431487079145264685  0.367221088374623861  -0.205632679562508497  0.321220454608785566  -0.970734767319785585  1.420094851034749528  -0.471609294552636504  -2.093694777150057806  3.481468245246233995  -4.029755914560933405  3.432423187055343217  -4.146820416938432174  4.952032587308103473  -4.347859772740321205  4.168484302841235056  -4.581937500622054849  5.784559761487107821  -4.673854181105547845  3.773235809689265974  -4.252806426574872845  3.302097734213795821  -2.011485976369802753  0.456375297662177437  -1.371452345048333799  1.151614888151419436  0.744876970913143754  -1.419662344473948901  0.865969997118146595  -0.955749667459633412  1.175959633909382296  -0.957864344592564754  1.073552390867603012  -1.365963200399082256  1.082054748110724329  -1.121885759056357124  1.310927087765444199  -1.155524440637698547  1.389684381938014246  -1.462530874276535275  1.070302700105068006  -1.087291603147775731  1.273056873835697544  -2.067474662090411641  2.038684869075599870  -1.026722565765046502  0.320884729330011165  -0.908507441420237094  2.096613118948875698  -3.230460719921251389  3.625163935754388778  -3.036579647377605884  2.432368678734809553  -0.086390891191880370  -1.968256727712321075  1.196479641850340725  0.091990458341564621  0.114218074181603069  -1.247514297283835560  2.410367931943060871  -2.297349045392764300  2.761196421760667707  -3.967146327127225369  4.354991930752778018  -4.396603204397165676  4.726859368560088370  -4.726135958390433878  3.454656505422508683  -2.871849151286799184  2.578471777948651233  -2.108285220081241196  2.497366517653921481  -3.292666346464603322  2.655078573318426560  -0.337561683390752876  0.044523021491089866  0.414981138631509983  -0.201492324721335880  0.638036936221931472  -0.265926446495616531  0.707308837740045160  -1.483970302510170702  1.753467230745069161  -2.508244017534659420  3.156510054676362920  -1.803186741097356993  0.219762909254804850  0.783026287516875863  -0.522060871652024305  0.454724555608693293  -1.928223369523405228  2.881077450446694055  -2.461359479710777620  2.420466425844884473  -2.642671833924185698  2.225163907589398526  -2.145550332557202733  2.326319656163869709  -2.072151926368270392  0.438885076067045909  0.331064100085330937  -0.490416155096644713  0.401650514927690605  -0.257861517755740677  0.397283593437739557  0.031824555518007260  0.081127033486614319  -0.429482358811851705  0.334592102726599228  -0.205523347109122678  0.315726935289500465  -0.299081862078028116  -0.677280514730398520  2.666594008606745891  -3.530596010861080547  2.408491063724250481  -2.756083505806709244  3.388095351584535564  -3.066551576245473587  2.942482796844170245  -1.349866913217560471  0.497707616221042926  -0.619127796914873185  0.401806606571574132  -0.394236529201476005  0.496654308142512990  -0.064801435681932945  0.384797149240520442  -0.518266312283696573  0.235327930962711401  -0.131348411275518634  0.074853023725927267  0.172655269169177922  0.617440216809948650  -1.325577963054541897  0.994307605930178640  0.103118892712588228  -1.365815240505523054  1.394541326942297044  0.102014735896583802  -0.614595169444748235  1.843797466024629017  -3.087972389783733007  4.520330590590443620  -3.858965441601122315  2.818242370142348019  -1.991542085576826659  2.436178042790351217  -3.983511999384314883  3.319630414298014642  -2.172939926856492843  1.623277391142375459  -1.698706277528791109  1.635035426861022545  -0.201755709998741178  -0.758016755461479286  0.580149729491859611  -0.813083619253000656  0.830098602170308175  -0.642049347124960090  1.019258452525847902  -0.767135917346960405  0.428036096520376441  -0.580662834523558158  0.673373424572503487  -0.612614575813481776  -0.114227249610930059  0.005383015123906598  ]; 