id_err = [  2.470214843750000000  2.470214843750000000  2.470214843750000000  2.470214843750000000  2.470214843750000000  2.470214843750000000  2.470214843750000000  2.470214843750000000  2.470214843750000000  2.470214843750000000  2.470214843750000000  1.206481933593750000  -0.210159301757812500  -1.189147949218750000  -1.674682617187500000  -1.699707031250000000  -1.306396484375000000  -0.858764648437500000  -0.778686523437500000  -1.180297851562500000  -1.919799804687500000  -2.470214843750000000  -2.470214843750000000  -2.470214843750000000  -2.470214843750000000  -2.470214843750000000  -2.470214843750000000  -2.470214843750000000  -2.470214843750000000  -2.470214843750000000  -2.470214843750000000  -2.470214843750000000  -2.470214843750000000  -2.470214843750000000  -2.470214843750000000  -2.470214843750000000  -2.470214843750000000  -2.470214843750000000  -2.470214843750000000  -2.470214843750000000  -2.470214843750000000  -2.470214843750000000  -2.470214843750000000  -2.470214843750000000  -2.470214843750000000  -2.470214843750000000  -2.470214843750000000  -2.470214843750000000  -2.470214843750000000  -2.470214843750000000  -2.470214843750000000  -2.470214843750000000  -2.470214843750000000  -2.470214843750000000  -2.470214843750000000  -2.470214843750000000  -2.470214843750000000  -2.470214843750000000  -2.470214843750000000  -2.470214843750000000  -2.470214843750000000  -2.470214843750000000  -2.470214843750000000  -2.470214843750000000  -2.470214843750000000  -2.470214843750000000  -2.470214843750000000  -2.470214843750000000  -2.470214843750000000  -2.470214843750000000  -2.470214843750000000  -2.470214843750000000  -2.470214843750000000  -2.470214843750000000  -2.470214843750000000  -2.470214843750000000  -2.470214843750000000  -2.470214843750000000  -2.470214843750000000  -2.470214843750000000  -2.470214843750000000  -2.470214843750000000  -2.470214843750000000  -2.470214843750000000  -2.470214843750000000  -2.470214843750000000  -2.470214843750000000  -2.470214843750000000  -2.470214843750000000  -2.470214843750000000  -2.470214843750000000  -2.470214843750000000  -2.470214843750000000  -2.470214843750000000  -2.470214843750000000  -2.470214843750000000  -2.470214843750000000  -2.470214843750000000  -2.470214843750000000  -2.470214843750000000  -2.470214843750000000  -2.470214843750000000  -2.470214843750000000  -2.470214843750000000  -2.470214843750000000  -2.470214843750000000  -2.470214843750000000  -2.470214843750000000  -2.470214843750000000  -2.470214843750000000  -2.470214843750000000  -2.470214843750000000  -2.470214843750000000  -2.470214843750000000  -2.470214843750000000  -2.470214843750000000  -2.470214843750000000  -2.470214843750000000  -2.470214843750000000  -2.470214843750000000  -2.470214843750000000  -2.470214843750000000  -2.470214843750000000  -2.470214843750000000  -2.470214843750000000  -2.470214843750000000  -2.470214843750000000  -2.470214843750000000  -2.470214843750000000  -2.470214843750000000  -2.470214843750000000  -2.470214843750000000  -2.470214843750000000  -2.470214843750000000  -2.470214843750000000  -2.470214843750000000  -2.470214843750000000  -2.470214843750000000  -2.470214843750000000  -2.470214843750000000  -2.470214843750000000  -2.470214843750000000  -2.470214843750000000  -2.470214843750000000  -2.470214843750000000  -2.470214843750000000  -2.470214843750000000  -2.470214843750000000  -2.470214843750000000  -2.470214843750000000  -2.470214843750000000  -2.470214843750000000  -2.470214843750000000  -2.470214843750000000  -2.470214843750000000  -2.470214843750000000  -2.470214843750000000  -2.470214843750000000  -2.470214843750000000  -2.470214843750000000  -2.470214843750000000  -2.470214843750000000  -2.470214843750000000  -2.470214843750000000  -2.470214843750000000  -2.470214843750000000  -2.470214843750000000  -2.470214843750000000  -2.470214843750000000  -2.470214843750000000  -2.470214843750000000  -2.470214843750000000  -2.470214843750000000  -2.470214843750000000  -2.470214843750000000  -2.470214843750000000  -2.470214843750000000  -2.470214843750000000  -2.470214843750000000  -2.470214843750000000  -2.470214843750000000  -2.470214843750000000  -2.470214843750000000  -2.470214843750000000  -2.470214843750000000  -2.470214843750000000  -2.470214843750000000  -2.470214843750000000  -2.470214843750000000  -2.470214843750000000  -2.470214843750000000  -2.470214843750000000  -2.470214843750000000  -2.470214843750000000  -2.470214843750000000  -2.470214843750000000  -2.470214843750000000  -2.470214843750000000  -2.470214843750000000  -2.470214843750000000  -2.470214843750000000  -2.470214843750000000  -2.470214843750000000  -2.470214843750000000  -2.470214843750000000  -2.470214843750000000  -2.470214843750000000  -2.470214843750000000  -2.470214843750000000  -2.470214843750000000  -2.470214843750000000  -2.470214843750000000  -2.470214843750000000  -2.470214843750000000  -2.470214843750000000  -2.470214843750000000  -2.470214843750000000  -2.470214843750000000  -2.470214843750000000  -2.470214843750000000  -2.470214843750000000  -2.470214843750000000  -2.470214843750000000  -2.470214843750000000  -2.470214843750000000  -2.470214843750000000  -2.470214843750000000  -2.470214843750000000  -2.470214843750000000  -2.470214843750000000  -2.470214843750000000  -2.470214843750000000  -2.470214843750000000  -2.470214843750000000  -2.470214843750000000  -2.470214843750000000  -2.470214843750000000  -2.470214843750000000  -2.470214843750000000  -2.470214843750000000  -2.470214843750000000  -2.470214843750000000  -2.470214843750000000  -2.470214843750000000  -2.470214843750000000  -2.305786132812500000  -0.802001953125000000  0.459320068359375000  2.028198242187500000  2.470214843750000000  2.470214843750000000  2.470214843750000000  2.470214843750000000  2.470214843750000000  2.470214843750000000  2.470214843750000000  2.470214843750000000  2.470214843750000000  2.470214843750000000  2.470214843750000000  2.470214843750000000  2.470214843750000000  2.470214843750000000  2.470214843750000000  2.470214843750000000  2.470214843750000000  2.470214843750000000  2.470214843750000000  2.470214843750000000  2.470214843750000000  2.470214843750000000  2.470214843750000000  2.470214843750000000  2.470214843750000000  2.470214843750000000  2.470214843750000000  2.470214843750000000  2.470214843750000000  2.470214843750000000  2.470214843750000000  2.470214843750000000  2.470214843750000000  2.470214843750000000  2.470214843750000000  2.470214843750000000  2.470214843750000000  2.470214843750000000  2.470214843750000000  2.470214843750000000  2.470214843750000000  2.470214843750000000  2.470214843750000000  2.470214843750000000  2.470214843750000000  2.470214843750000000  2.470214843750000000  2.470214843750000000  2.470214843750000000  2.470214843750000000  2.470214843750000000  2.470214843750000000  2.470214843750000000  2.470214843750000000  2.470214843750000000  2.470214843750000000  2.470214843750000000  2.470214843750000000  2.470214843750000000  2.470214843750000000  2.470214843750000000  2.470214843750000000  2.470214843750000000  2.470214843750000000  2.470214843750000000  2.470214843750000000  2.470214843750000000  2.470214843750000000  2.470214843750000000  2.470214843750000000  2.470214843750000000  2.470214843750000000  2.470214843750000000  2.470214843750000000  2.470214843750000000  2.470214843750000000  2.470214843750000000  2.470214843750000000  2.470214843750000000  2.470214843750000000  2.470214843750000000  2.470214843750000000  2.470214843750000000  2.470214843750000000  2.470214843750000000  2.470214843750000000  2.470214843750000000  2.470214843750000000  2.470214843750000000  2.470214843750000000  2.470214843750000000  2.470214843750000000  2.470214843750000000  2.470214843750000000  2.470214843750000000  2.470214843750000000  2.470214843750000000  2.470214843750000000  2.470214843750000000  2.470214843750000000  2.470214843750000000  2.470214843750000000  2.470214843750000000  