id_err = [  2.470214843750000000  2.470214843750000000  2.470214843750000000  2.470214843750000000  2.470214843750000000  2.470214843750000000  2.470214843750000000  2.470214843750000000  2.470214843750000000  2.470214843750000000  2.470214843750000000  2.470214843750000000  2.470214843750000000  2.470214843750000000  2.470214843750000000  2.470214843750000000  2.470214843750000000  2.470214843750000000  -2.470214843750000000  2.470214843750000000  2.470214843750000000  2.470214843750000000  2.470214843750000000  2.470214843750000000  2.470214843750000000  -1.673217773437500000  -2.470214843750000000  -2.470214843750000000  -2.470214843750000000  -2.470214843750000000  -2.470214843750000000  2.470214843750000000  2.470214843750000000  2.470214843750000000  2.470214843750000000  2.470214843750000000  2.470214843750000000  2.470214843750000000  2.470214843750000000  2.470214843750000000  2.470214843750000000  2.470214843750000000  2.470214843750000000  2.470214843750000000  2.470214843750000000  2.470214843750000000  2.470214843750000000  2.470214843750000000  2.470214843750000000  2.470214843750000000  2.470214843750000000  2.470214843750000000  2.470214843750000000  2.470214843750000000  2.470214843750000000  2.470214843750000000  -2.470214843750000000  -2.470214843750000000  -2.470214843750000000  -2.470214843750000000  -2.470214843750000000  -2.470214843750000000  -2.470214843750000000  2.470214843750000000  2.470214843750000000  1.427734375000000000  -2.470214843750000000  -2.470214843750000000  -2.470214843750000000  -2.470214843750000000  -2.470214843750000000  -2.470214843750000000  -2.470214843750000000  -2.470214843750000000  2.470214843750000000  2.470214843750000000  2.470214843750000000  2.470214843750000000  2.470214843750000000  2.470214843750000000  2.470214843750000000  2.470214843750000000  2.470214843750000000  2.470214843750000000  2.470214843750000000  2.470214843750000000  2.470214843750000000  2.470214843750000000  2.470214843750000000  -2.470214843750000000  -2.470214843750000000  -2.470214843750000000  2.470214843750000000  2.470214843750000000  2.470214843750000000  -2.470214843750000000  -2.470214843750000000  -2.470214843750000000  -2.470214843750000000  -2.470214843750000000  -2.470214843750000000  -2.470214843750000000  -2.470214843750000000  -2.470214843750000000  -2.470214843750000000  -2.470214843750000000  2.470214843750000000  2.470214843750000000  2.470214843750000000  -2.470214843750000000  -2.470214843750000000  -2.470214843750000000  -2.470214843750000000  -2.470214843750000000  -2.470214843750000000  -2.470214843750000000  -2.470214843750000000  -2.470214843750000000  -2.470214843750000000  -2.470214843750000000  -2.470214843750000000  -2.470214843750000000  -2.470214843750000000  -2.470214843750000000  -2.470214843750000000  -2.470214843750000000  -2.470214843750000000  -2.470214843750000000  -2.470214843750000000  2.470214843750000000  2.470214843750000000  -2.470214843750000000  -2.470214843750000000  -2.470214843750000000  -2.470214843750000000  -2.470214843750000000  -2.470214843750000000  2.470214843750000000  2.470214843750000000  2.470214843750000000  2.470214843750000000  2.470214843750000000  2.470214843750000000  2.470214843750000000  2.470214843750000000  2.470214843750000000  2.470214843750000000  2.470214843750000000  2.470214843750000000  2.470214843750000000  -2.470214843750000000  -2.470214843750000000  -2.470214843750000000  -2.470214843750000000  -2.470214843750000000  -2.470214843750000000  -2.470214843750000000  -2.470214843750000000  -2.470214843750000000  -2.470214843750000000  -2.470214843750000000  -2.470214843750000000  -2.470214843750000000  -2.470214843750000000  -2.470214843750000000  -2.470214843750000000  -2.470214843750000000  -2.470214843750000000  -2.470214843750000000  -2.470214843750000000  -2.470214843750000000  -2.470214843750000000  -2.470214843750000000  -2.470214843750000000  -2.470214843750000000  -2.470214843750000000  -2.470214843750000000  -2.470214843750000000  -2.470214843750000000  -2.470214843750000000  -2.470214843750000000  -2.470214843750000000  -2.470214843750000000  -2.470214843750000000  0.748474121093750000  0.111137390136718750  2.470214843750000000  2.470214843750000000  2.470214843750000000  2.470214843750000000  2.470214843750000000  2.470214843750000000  2.470214843750000000  2.470214843750000000  2.470214843750000000  2.470214843750000000  2.470214843750000000  2.470214843750000000  2.470214843750000000  2.470214843750000000  2.470214843750000000  2.470214843750000000  2.470214843750000000  2.470214843750000000  2.470214843750000000  2.470214843750000000  2.470214843750000000  2.470214843750000000  2.470214843750000000  2.470214843750000000  2.470214843750000000  2.470214843750000000  2.470214843750000000  2.470214843750000000  -1.162902832031250000  2.470214843750000000  2.470214843750000000  -2.470214843750000000  -2.470214843750000000  -2.470214843750000000  -2.470214843750000000  -2.470214843750000000  -2.470214843750000000  -2.470214843750000000  -2.470214843750000000  -2.470214843750000000  2.470214843750000000  2.470214843750000000  2.470214843750000000  2.470214843750000000  2.470214843750000000  -2.470214843750000000  2.470214843750000000  2.470214843750000000  2.470214843750000000  2.470214843750000000  2.470214843750000000  2.470214843750000000  2.470214843750000000  2.470214843750000000  2.470214843750000000  2.470214843750000000  2.470214843750000000  2.470214843750000000  -1.221435546875000000  -2.470214843750000000  -2.470214843750000000  -2.470214843750000000  -2.470214843750000000  -2.470214843750000000  -2.470214843750000000  -2.470214843750000000  -2.470214843750000000  -2.470214843750000000  -2.470214843750000000  -2.470214843750000000  -2.470214843750000000  -2.470214843750000000  -2.470214843750000000  -2.470214843750000000  -2.470214843750000000  -2.470214843750000000  -2.470214843750000000  -2.470214843750000000  2.470214843750000000  2.470214843750000000  2.470214843750000000  2.470214843750000000  2.470214843750000000  2.470214843750000000  2.470214843750000000  2.470214843750000000  2.470214843750000000  2.470214843750000000  2.470214843750000000  2.470214843750000000  2.470214843750000000  -2.470214843750000000  -2.470214843750000000  2.470214843750000000  2.470214843750000000  -2.470214843750000000  -2.470214843750000000  -2.470214843750000000  -2.470214843750000000  -2.470214843750000000  -2.470214843750000000  -2.470214843750000000  -2.470214843750000000  -2.470214843750000000  -2.470214843750000000  -2.470214843750000000  -2.470214843750000000  -2.470214843750000000  -2.470214843750000000  -2.470214843750000000  -2.470214843750000000  -2.470214843750000000  -2.470214843750000000  -2.470214843750000000  -2.470214843750000000  ]; 