id = [  0.000000000000000000  0.000000000000000000  3.021312133317391790  5.248942451107371454  7.596072963240060538  7.590768547169222558  9.654869283146286563  7.870911900885617207  7.347344393940457685  4.000704454320734627  0.926514583411744863  0.872782917442375128  -0.654216687363426974  -2.642605059110520127  -4.426939362069634676  -7.595406741845663667  -8.351484479152588847  -2.393585269331422349  3.694738351225655304  4.832273150836129183  2.541073384476745023  0.702809325016776620  -1.369527287269777682  -4.039555409403935649  -6.691053583968789020  -7.363099547920701760  -6.492896072941232610  -6.679370769340062353  -4.964842572665879139  -5.161711944237233674  -6.505100146641921377  -9.965924529034124291  -12.031771681044640232  -11.522605913874489403  -7.110045606686380637  -4.460814840800709113  -7.748513375147024540  -10.603060733684923633  -12.806017166468436130  -9.555322409793417293  -3.921514160049446307  -1.599590994979902314  -0.374485370485851066  0.131350264601308331  0.286747866929215445  2.070971894600448060  4.191596649305163957  6.397908051008019292  8.106868274541232822  8.687900657694767048  8.191686869281511463  3.686921015460160156  0.979555656240975514  4.520521614787551989  8.961876384332974510  11.475727223238601837  6.952355480465160831  3.988283969825283215  2.550432188356836161  7.036516889252323992  11.515264049188495221  13.600202787686356487  5.334790894735426114  2.573521505312977631  1.409575087516254932  1.730543965420012098  7.543877183764100991  11.950879666918893918  5.290925165240765615  -0.503628750700201855  -0.084016417973880514  1.596859841211749842  7.782379625266176326  12.543191179331582674  7.938821738847849474  4.504021540650928301  2.443454375127994460  1.897471456803108136  2.984136292139919711  9.253038343267117938  12.008451407200496419  5.898320154624355993  1.295953822394748878  3.055277414490482624  5.785618568618424717  9.115604466488056445  4.689130894730450194  0.445447536938747057  0.624431744124872012  6.501652696098927819  11.624336043293654441  15.503088153508860714  9.885312565165289556  5.346119481839418874  2.125663247600101613  0.346670730930205784  4.899101883504454413  9.744072797092757199  10.271999980379023398  8.029176764028656876  4.795003915802526606  7.932498455485539779  7.751522378669360336  9.322934029401620748  7.808655953673969918  6.980124491077895676  6.984739282103113567  7.770661083248259438  9.183033445045731824  6.184520368556001735  4.468574720013164914  4.177614496448311066  5.475914260775495812  8.638528691461905495  10.038169618166596919  10.421588813223218395  11.681986602715680235  8.192540469901341993  5.463200830871581815  4.019315020025919338  3.999619939473352925  5.414707944315796162  8.213030335749866850  12.164243492785855594  8.062530625159130437  5.720874238131842482  11.001719315193573934  13.500602065740322288  14.021869538401597666  9.858479152822541280  6.908464510113083712  5.262912267007159528  4.896219542531293989  5.720870536213360502  7.622902055814919642  5.657865457528289177  2.156484563021679346  -0.472417085335014753  6.466407598130864187  11.267202273219046660  13.450708571352482323  13.694819382515923678  9.129658597072674908  5.827305561924621458  3.933828927110389451  3.438977340164819374  4.254492833100036897  6.253909135530988372  9.268202812952285541  8.211443697235047523  4.907340843954559162  7.836018897339836364  13.121351979481840289  14.612972687581867959  15.159574203988590568  11.308121860753088228  8.440249044630416364  6.729389316039613433  6.181594922410231341  2.159429771156182731  -0.557457128811497338  2.996755237642055647  7.402657703658322319  3.995246458964575975  1.343353575503951847  5.023342478786311460  11.517418472196261803  15.294176428238589693  11.683577524587311913  9.163497541205892105  7.733331665905872399  3.080290140614662775  -0.600273418963396255  1.369711803047315435  4.279346083596206718  7.785573288675712966  4.172838182872055768  0.296820348065299888  0.630631381286562487  2.632825943997169293  9.689679543923546134  14.804030951090501489  12.861638463228386442  8.143617237916764395  5.101259857086351879  3.740977627207163980  8.556058419260262227  12.938677758666111473  12.549483283025230307  8.055048366794325787  4.566722853323979869  2.284569857021697459  1.298116185590902916  6.385047364179081697  11.279995949133459376  7.065940856062386644  3.764770178022231573  1.918634695763017373  2.019222531800510811  8.735935452818113234  13.521489010212389914  10.738432216797061614  6.652574982452995833  5.306567113392501867  4.311447985699109253  4.218565605073884228  5.155834703991178714  7.043064109994063848  9.690474307153756683  8.171525404890990885  8.763285262444046708  12.400409232726394393  9.827137581888406359  4.114328065291446457  -1.199519322195615301  -0.362064157206386295  0.860912809636685150  2.597548160307635357  4.850235066138837148  7.461964121046904097  10.197933755067818851  12.797132778369588735  10.961522205398971153  10.792155138234862832  13.120727998210229615  12.245805634715926757  12.656916487027963569  13.693880105381341039  10.099635645577752285  7.641066864630627897  6.345715574619819499  6.171352388176946313  7.013395360843681203  4.151512907032118171  2.238566426372210483  1.607254819756905428  2.527404178119836864  5.338201431801768315  10.531058986109982811  15.132113263218235133  8.645977142452611730  2.415359737918459260  -2.275383501752063609  -5.266657619286480241  -6.366100469376501536  -4.842578483881410101  -1.814684726095692424  7.002501582864558927  5.423130375057453989  9.603806865408893501  4.635232242645990652  1.147382365753246258  -0.774500195054922402  -1.106843114262031413  0.155053035665994821  -1.082982819266525842  -1.389263027987319266  -2.728325204059870668  -3.896267776415154316  -3.437560195346834657  0.518957197613149956  3.874703693071636312  12.246264846095659351  16.800661632420435865  11.737509975523016337  7.349413169675752755  3.971555750887776348  1.774518086897831193  0.819045089655540681  -1.999029563624289629  -3.408335777000954803  -1.522508285874461187  -1.406132078838383093  -3.377983652441495455  -3.255970432362818467  -1.285526624276737806  2.191053788207264486  2.002899306120097922  0.438508324745717937  -1.510685919010765765  -3.202641238251884293  -4.308675287032832202  -4.776609765992286150  -6.252545222263386826  -8.150228659591787661  -8.880654091390621119  -8.081716179407566258  -8.146845834689747434  -6.469887316109127262  -2.117147029444551354  -0.299908014220025720  3.364972536972026695  5.974335582819764845  7.627959212497148478  8.516985910873078325  5.830312662701593318  2.857561992458747646  0.249561422226985241  -1.642119066333338484  -7.383410096268818279  -15.024341483360231564  -18.862932574092710070  -14.559585616452375589  -7.901035627892286861  3.141436799480830544  12.101744474860867129  18.353236899340121369  21.759375317795218052  13.013211608205914160  4.696421685171244143  0.465532268293013141  -1.905540832817084640  -2.731242523357334306  -2.355686282471721071  -1.095405118706232583  -2.785534655056455478  -4.364531089525281793  -5.184729934051834910  -6.975448868541653802  -9.056935138024392984  -10.972320016717533875  -12.459958190475754591  -9.703570042990630640  -8.080188987976599790  -7.334228761347906023  -7.208849602213055263  -7.487670099370473231  -8.010692815658650545  -4.060044155207740424  -0.861262931538868681  1.407143324118374172  -1.759702757427820119  -5.025146990750246623  -3.324935552342064948  -0.623836841698508282  2.560491184026290945  5.866250389847936120  7.581710342376655198  8.085652568201888712  7.529347911859232134  3.347651427423524950  1.272469631744091778  5.400716393430876394  9.513213922552978374  11.650642965791256245  8.226730414258641488  6.429387371200437684  6.033225431669437810  6.748420044449542132  11.945973179994775037  15.681304590930423615  9.830607810847924455  4.981209929157950356  1.338948418080118108  3.732047459656059551  6.494083553857122659  