id = [  0.000000000000000000  0.000000000000000000  8.462541823737490532  6.553255296927453344  10.129607527596780514  -3.793969202287335030  -14.962094015832853700  0.391448783308138759  19.979035530669996490  7.870492158503671121  2.198452580162774339  -7.472383834097146682  -11.196741395430279908  9.147998777605526044  6.959221560729067058  -17.441130025587344932  -5.953004420405053843  -15.987331493213524425  -7.447929401873210509  16.943216099451955614  -0.095716162225043352  -5.142985953104617813  0.819730885414036159  22.887906560649593501  -5.685813938567129355  -7.092102600146944269  -13.170608152932825163  -10.234864309924947889  5.079540037853708334  7.458105715630914290  6.163960228031372779  -4.956242967083905882  -3.325523326790412959  -21.379159964111671854  8.869885516385982882  11.995507553643555809  10.029336526758925174  4.196728530560559278  -7.638818138338073105  -14.904808066684584134  -0.943012865465006733  -15.664769492659985417  -8.723181145239976786  14.711815926322312720  15.833959054923688825  2.354655370148726501  -16.857384590882858788  -11.419301512851436797  -13.486741025568923291  19.454102126812255591  9.512007428840455248  0.251451391136198799  1.601225294883716010  4.323969729413253305  -5.759029175987032012  -8.554407001141123956  -0.513951054637987292  0.399036538589676582  -16.367697565506567514  -2.258665163955928978  17.224470888836183491  14.799225908134543417  -0.679929092485103692  -11.544248862691473434  -8.407141348844454853  -12.861021338449734941  17.834848561598075634  4.517133944183207461  1.494154887496003115  -8.599051889379655478  -2.003513001196493448  -14.432749025137528776  -6.354937902726208065  6.168854927912961195  22.450841580460085822  12.153992371383935733  6.237500964905402512  -6.055141681616891702  -13.113299503903389720  -14.994595951046704840  -0.697854258548171180  13.900139515277656344  12.182689196939845644  0.636688135865195459  -4.619759823247292729  -15.914399750421544866  -1.236701565655562440  -9.854624029932894658  0.363267504264788599  10.946645305609450816  1.184834215667456725  9.407951879240883386  -2.701671631163671261  7.144173712949721811  -17.122981563601182842  -13.387349398367376807  5.258663930725353097  9.204047500867826415  -10.131908205863414452  -8.257839836399158528  7.544355625222102901  0.342082818046526793  -1.907527082691310660  16.025891001872253128  12.803292012103090869  -12.811119719140371842  6.514274260004303763  0.534019089679401704  15.975924718682664505  1.953740308311152418  -4.522351538157391104  -20.825738697754971440  -7.556055453905617725  4.983759406326280228  16.848080707981065274  5.450832600427601982  -3.516300895884063138  -16.429561746774862030  -11.693388056407613362  -1.617743905304668939  15.670792136178381071  16.286825043336296659  -0.337055845879798588  -10.870524836486872289  -11.895039265225221925  -13.509023447763590653  8.567286679736119126  12.567000596612862395  7.829499451146724631  -7.498255164148679874  20.863740601255866380  -18.625064667753978398  -16.177195509155588127  2.035652902229558858  17.076956425100092929  9.347481359211187169  1.132046501048597387  -14.109265093180775708  -3.941143016968355006  -7.561351598126837104  12.498120999406644671  4.910919885461317413  -2.006089459405951736  2.662711913295029653  19.941396390912625947  16.295477725734773600  -6.915418942787018963  -16.083056017489219869  -10.021710280047065211  13.084475733643216699  -19.317756169516588471  -8.519466640382111322  -6.732923636114714228  11.418533152876928938  6.058531141830286515  7.751993306825863073  9.980981302412573086  8.907620417106477007  -20.934303525042356142  -9.093724335450311003  2.729008636785044128  18.957783242734311813  5.019495751979310860  -1.284878632288643852  -17.764483990116112011  -9.556933126452458183  -2.203455710834248293  18.495752313980624137  8.309136476026884210  0.543383272163725728  -15.646704824387075661  -11.662373860880107301  -7.969094603559972789  14.977549396151045968  11.567490299432611423  2.913218950819811859  0.232185601254716517  -8.216040886069757576  -18.582152488629922971  15.921413299923496965  5.427012352825363095  -0.560351403631404454  5.993736368303990147  -7.121113171736473291  1.137831089703245313  -12.720519749746570071  -9.183724788625124091  9.841155275870162811  17.557160369682087264  -11.148573562914227963  -4.639499371229456770  -11.585099533665285776  0.682050270295247008  1.526290041595295799  10.619923184097373792  -1.739385985903863840  -6.276471851992151407  -7.741165481064766318  3.224658706272911513  5.922364461163190263  22.410227677039802785  -2.261528929375990149  1.412240920583677450  -13.217625131932967619  -16.368881590900439704  12.667212285887778478  6.482749079180375240  -14.759340337005316002  0.743314675191968699  -6.572025011078734380  -5.672669917528136097  -4.951301679244439313  -8.119633750245084158  -5.871753013208516947  11.105802117900969606  -6.314200528539773316  14.515469628680799374  -18.820635738361509937  -2.963214553992342459  -6.099989165219438902  -3.092544412793289954  3.851262231251245449  18.407249672241675853  7.925155651107891330  -0.956232260385783683  -17.603576232902323540  -11.785982763050101951  -3.236841769165854199  16.818241504757551752  10.042773516989653260  -0.146858327413438627  -15.194778049630432548  10.658857776253443106  -7.470340817460452421  13.954129216895070797  11.063335822365058192  2.380852401739190771  -12.426559062767893238  -12.576954468374950125  -11.879506393436201961  10.666782976780512016  12.985621248507822401  4.717043642014407290  -9.139905358777678401  3.002992363215088556  -10.488645880836275026  -5.140785257404936637  4.229707338491242474  22.283365620877123803  9.907542606959880871  -6.019738423680619732  -5.204309048191161580  -12.426610119519590825  -17.359941648768337785  1.100856858820413287  13.873969610646556205  12.196309494814830288  4.820962147015386279  -8.522305720352900238  -11.223753703844645102  -15.844058771406427155  -0.222687913698011053  13.211901737185481664  10.181677877394815113  -2.447873208817052060  -15.134157020510688341  -14.691287733734524679  7.020161831014601006  8.341875573220066897  -4.063277295991034599  13.095390677591179696  -11.741206379643118751  4.352847102420702718  -19.680620286698541577  -0.780743073042193481  -6.260082330530448047  1.436670971322993484  -8.244396634139068425  16.411903936325842324  -14.206975205154508402  -13.410788944147700619  6.920569574692640558  12.656078342263452186  1.859948807279206084  5.302793670876452481  0.208128056074678686  -17.106236178052810715  -12.940972093486550420  6.021426048001496056  18.096184552683244107  8.649816065490446348  1.979389747523190746  -10.937704257532720575  -12.067523402115808651  -14.427816652370678341  5.200506429863256841  14.393441794727163341  6.819007713240511137  -5.471828248492747626  -4.380102376313786294  5.840369434723180042  ]; 