iq_err = [  295119768845402532750416350360211816448.000000000000000000                   nan  142.710937500000000000  81.843750000000000000  41.177734375000000000  27.044921875000000000  19.016601562500000000  8.368164062500000000  -3.287719726562500000  -11.786621093750000000  -11.561035156250000000  -11.624023437500000000  -10.902832031250000000  -0.029756546020507812  12.525390625000000000  20.300781250000000000  26.936523437500000000  29.070312500000000000  22.817382812500000000  17.349609375000000000  14.566406250000000000  12.851074218750000000  12.198730468750000000  12.257812500000000000  12.780761718750000000  12.503417968750000000  11.297851562500000000  10.303222656250000000  9.835937500000000000  9.863769531250000000  10.305175781250000000  10.450683593750000000  10.034667968750000000  9.645507812500000000  9.495117187500000000  9.733886718750000000  9.990234375000000000  9.924804687500000000  9.362304687500000000  8.877441406250000000  8.664062500000000000  8.798339843750000000  9.117187500000000000  9.409667968750000000  9.404785156250000000  9.346679687500000000  9.483886718750000000  9.883300781250000000  9.931152343750000000  9.312011718750000000  8.716308593750000000  8.439941406250000000  8.607421875000000000  9.100097656250000000  9.187988281250000000  8.648437500000000000  8.367187500000000000  8.468750000000000000  8.966796875000000000  9.507324218750000000  9.191406250000000000  8.130371093750000000  7.582031250000000000  7.494140625000000000  7.721679687500000000  8.207519531250000000  8.444335937500000000  7.880859375000000000  7.414550781250000000  7.439941406250000000  7.713378906250000000  8.140136718750000000  8.149902343750000000  7.657226562500000000  7.405761718750000000  7.430175781250000000  7.719726562500000000  8.307128906250000000  9.289062500000000000  9.513671875000000000  8.718750000000000000  8.339843750000000000  8.439941406250000000  8.766113281250000000  9.204589843750000000  9.573242187500000000  9.849121093750000000  10.375488281250000000  11.480468750000000000  12.363281250000000000  12.328125000000000000  11.006347656250000000  10.103027343750000000  9.803710937500000000  10.018554687500000000  10.727050781250000000  11.321289062500000000  11.582519531250000000  12.467285156250000000  14.902343750000000000  18.666992187500000000  20.763671875000000000  17.947265625000000000  14.344726562500000000  12.448242187500000000  11.484375000000000000  10.965820312500000000  10.608886718750000000  10.217285156250000000  10.166015625000000000  10.485839843750000000  11.221679687500000000  12.624511718750000000  15.929687500000000000  18.709960937500000000  16.703125000000000000  13.145996093750000000  11.422363281250000000  10.731933593750000000  10.609863281250000000  10.855468750000000000  11.396972656250000000  12.276855468750000000  13.543945312500000000  15.190429687500000000  18.062500000000000000  19.417968750000000000  16.236328125000000000  12.881347656250000000  11.173828125000000000  10.396972656250000000  10.119140625000000000  10.110351562500000000  10.219238281250000000  10.339843750000000000  10.898925781250000000  11.912109375000000000  13.842285156250000000  16.198242187500000000  17.675781250000000000  15.413085937500000000  12.561523437500000000  11.071777343750000000  10.491699218750000000  10.463867187500000000  10.808593750000000000  11.410644531250000000  12.153320312500000000  12.867675781250000000  14.110351562500000000  16.094726562500000000  20.511718750000000000  23.990234375000000000  18.655273437500000000  13.482421875000000000  11.099121093750000000  9.925292968750000000  9.305175781250000000  8.942871093750000000  9.021972656250000000  9.528808593750000000  10.008300781250000000  10.320312500000000000  10.923828125000000000  12.138671875000000000  14.015625000000000000  14.415039062500000000  12.329589843750000000  10.872070312500000000  10.026367187500000000  9.530761718750000000  9.488281250000000000  9.931640625000000000  10.470703125000000000  10.856933593750000000  10.813476562500000000  10.816406250000000000  11.271972656250000000  12.155761718750000000  13.520019531250000000  14.025390625000000000  13.055175781250000000  12.511230468750000000  12.326171875000000000  12.735839843750000000  13.892578125000000000  14.791015625000000000  14.262695312500000000  13.175781250000000000  12.419433593750000000  12.278808593750000000  12.700683593750000000  13.619628906250000000  13.658203125000000000  12.437011718750000000  11.770507812500000000  11.783691406250000000  12.496582031250000000  14.375000000000000000  18.310546875000000000  28.080078125000000000  32.138671875000000000  20.247070312500000000  16.007812500000000000  14.392578125000000000  13.857421875000000000  13.800781250000000000  13.834472656250000000  13.633300781250000000  14.084960937500000000  16.433593750000000000  24.894531250000000000  39.173828125000000000  52.796875000000000000  32.890625000000000000  21.573242187500000000  17.980468750000000000  16.930664062500000000  17.000000000000000000  17.415039062500000000  17.287109375000000000  15.855468750000000000  14.874023437500000000  15.327148437500000000  16.238281250000000000  16.863281250000000000  16.632812500000000000  15.125976562500000000  13.799804687500000000  13.029296875000000000  12.624511718750000000  12.338378906250000000  11.935546875000000000  11.879882812500000000  12.234863281250000000  12.990234375000000000  14.241210937500000000  16.797851562500000000  28.945312500000000000  34.218750000000000000  34.632812500000000000  34.076171875000000000  35.294921875000000000  36.001953125000000000  33.234375000000000000  40.250000000000000000  400.687500000000000000  192.875000000000000000  -133.718750000000000000  -53.263671875000000000  -38.701171875000000000  -34.974609375000000000  -33.304687500000000000  -29.517578125000000000  -23.293945312500000000  -19.588867187500000000  -17.017578125000000000  -16.130859375000000000  -16.405273437500000000  -18.518554687500000000  -25.146484375000000000  -44.080078125000000000  -36.599609375000000000  -19.417968750000000000  -14.464843750000000000  -12.471191406250000000  -11.563476562500000000  -11.114746093750000000  -3.782470703125000000  2.429199218750000000  -0.227279663085937500  -6.796142578125000000  -11.729980468750000000  -13.745117187500000000  -14.305664062500000000  -13.958984375000000000  -12.534667968750000000  -11.314941406250000000  -10.646484375000000000  -10.370605468750000000  -10.305175781250000000  -10.274902343750000000  -10.450195312500000000  -10.958496093750000000  -11.836425781250000000  -12.195800781250000000  -11.624511718750000000  4.330322265625000000  10.756347656250000000  10.773437500000000000  11.405761718750000000  9.197265625000000000  11.333007812500000000  13.993164062500000000  15.198242187500000000  18.223632812500000000  24.118164062500000000  32.601562500000000000  32.394531250000000000  25.089843750000000000  19.938476562500000000  17.558593750000000000  17.115234375000000000  17.575195312500000000  19.149414062500000000  21.974609375000000000  -24.289062500000000000  -21.741210937500000000  -18.552734375000000000  -18.196289062500000000  -18.505859375000000000  -19.362304687500000000  -20.032226562500000000  -19.233398437500000000  -16.578125000000000000  -14.624023437500000000  -13.055664062500000000  -12.331054687500000000  -12.144531250000000000  -12.134765625000000000  -11.932128906250000000  -11.269531250000000000  -10.723632812500000000  -10.454101562500000000  -10.404296875000000000  -10.463867187500000000  -10.491210937500000000  -10.331542968750000000  -10.354980468750000000  -10.701660156250000000  -11.295410156250000000  -11.032714843750000000  -9.729980468750000000  -8.901855468750000000  -8.669921875000000000  -8.925781250000000000  -9.254394531250000000  -9.353027343750000000  -8.979980468750000000  -8.634277343750000000  -8.542480468750000000  -8.894531250000000000  -9.654785156250000000  -10.004882812500000000  -9.543457031250000000  