iq_err = [  -0.000000000000000000  -0.000000000000000000  4.254638671875000000  32.466796875000000000  8.123535156250000000  -39.349609375000000000  5.861328125000000000  3.741699218750000000  3.575683593750000000  2.789550781250000000  5.772949218750000000  19.696289062500000000  4.023193359375000000  122.234375000000000000  9.740234375000000000  -378.484375000000000000  6.886718750000000000  -22.486328125000000000  7.978027343750000000  12.471191406250000000  6.429199218750000000  5.420166015625000000  8.431152343750000000  -13.051757812500000000  -18.338867187500000000  -16.206054687500000000  -8.638671875000000000  -3.486816406250000000  -9.080566406250000000  -6.246582031250000000  -8.189453125000000000  7.679199218750000000  8.239746093750000000  8.677246093750000000  -3.236450195312500000  -2.259033203125000000  -3.815673828125000000  6.830810546875000000  16.223632812500000000  11.437500000000000000  -3.655517578125000000  -5.506347656250000000  -3.046020507812500000  -7.583496093750000000  13.036621093750000000  5.274169921875000000  -4.841308593750000000  -4.107910156250000000  -2.302001953125000000  -6.623046875000000000  -5.681396484375000000  -2238.875000000000000000  10.642578125000000000  -3.011108398437500000  -38.460937500000000000  9.843261718750000000  10.454589843750000000  11.963867187500000000  2.583618164062500000  1.897705078125000000  2.201904296875000000  3.043579101562500000  5.311523437500000000  -9.085937500000000000  -18.790039062500000000  12.217773437500000000  6.087890625000000000  4.744873046875000000  4.224609375000000000  4.549560546875000000  2.343139648437500000  3.667968750000000000  3.761962890625000000  6.524414062500000000  -8.334472656250000000  -4.567382812500000000  -7.646972656250000000  -5.657714843750000000  -3.259033203125000000  -3.057861328125000000  -3.116210937500000000  -4.744384765625000000  62.472656250000000000  -6.785888671875000000  42.998046875000000000  -9.500488281250000000  -4.321044921875000000  -6.894287109375000000  13.010742187500000000  5.220214843750000000  54.105468750000000000  7.518066406250000000  -51.390625000000000000  -7.889160156250000000  -25.687500000000000000  6.657226562500000000  15.589843750000000000  3.364746093750000000  3.530029296875000000  4.535400390625000000  10.727050781250000000  4.419921875000000000  2.638305664062500000  13.398437500000000000  17.354492187500000000  19.714843750000000000  94.964843750000000000  -4.513671875000000000  10.033203125000000000  6.959472656250000000  8.287109375000000000  3.466308593750000000  3.841308593750000000  5.016357421875000000  5.913574218750000000  10.121093750000000000  5.321289062500000000  2.851684570312500000  3.256103515625000000  3.400512695312500000  5.874267578125000000  6.375976562500000000  6.574218750000000000  4.987548828125000000  4.042236328125000000  2.886108398437500000  3.766601562500000000  5.579101562500000000  42.382812500000000000  -4.242919921875000000  24.573242187500000000  3.193969726562500000  1.832641601562500000  1.774414062500000000  1.894287109375000000  2.878417968750000000  9.617675781250000000  -8.112792968750000000  -5.822998046875000000  -2.519165039062500000  -7.514160156250000000  -31.884765625000000000  -7.311035156250000000  -4.131103515625000000  -5.403320312500000000  -2.924804687500000000  -7.529785156250000000  -18.878906250000000000  42.222656250000000000  -5.820068359375000000  5.268066406250000000  5.990234375000000000  4.588623046875000000  10.175781250000000000  5.646484375000000000  4.417480468750000000  4.005126953125000000  2.054199218750000000  3.803710937500000000  19.632812500000000000  5.758789062500000000  4.255615234375000000  4.882324218750000000  4.579589843750000000  5.620117187500000000  4.778564453125000000  3.377685546875000000  5.526123046875000000  7.618652343750000000  6.525878906250000000  4.361816406250000000  3.402343750000000000  2.696899414062500000  4.282714843750000000  8.308593750000000000  -189.039062500000000000  13.068847656250000000  4.925537109375000000  3.343750000000000000  4.874755859375000000  3.495117187500000000  13.342773437500000000  6.981445312500000000  20.586914062500000000  90.277343750000000000  24.737304687500000000  -28.681640625000000000  -8.438964843750000000  -4.984130859375000000  -20.505859375000000000  -4.482177734375000000  -6.475585937500000000  -4.384765625000000000  -2.537475585937500000  -7.851074218750000000  1010.812500000000000000  -62.945312500000000000  -3.568359375000000000  -2.679443359375000000  -3.463500976562500000  -4.411621093750000000  -8.559082031250000000  -3.470458984375000000  -6.220947265625000000  -3.090454101562500000  -15.758789062500000000  46.589843750000000000  -14.243164062500000000  -3.499267578125000000  -3.748291015625000000  -6.489746093750000000  -19.610351562500000000  -7.818847656250000000  17.689453125000000000  11.970214843750000000  -5.545410156250000000  -8.731445312500000000  5.892578125000000000  4.804199218750000000  4.836914062500000000  5.069580078125000000  2.588134765625000000  3.040527343750000000  3.418579101562500000  4.950683593750000000  -37.070312500000000000  -5.085693359375000000  -2.981811523437500000  -4.151855468750000000  -6.007568359375000000  -29.824218750000000000  5.369873046875000000  -321.031250000000000000  -4.106445312500000000  -4.038818359375000000  -5.306152343750000000  -13.529296875000000000  -3.679199218750000000  -2.941650390625000000  -2.358642578125000000  -3.227294921875000000  -6.305664062500000000  13.423339843750000000  -57.222656250000000000  10.725585937500000000  14.488281250000000000  9.467773437500000000  15.290039062500000000  3.692626953125000000  2.671020507812500000  4.846435546875000000  5.722412109375000000  6.342773437500000000  3.946289062500000000  3.834960937500000000  3.166015625000000000  4.379638671875000000  8.547851562500000000  10.220703125000000000  3.752197265625000000  2.314453125000000000  2.267700195312500000  2.926879882812500000  12.598144531250000000  -8.141601562500000000  -5.124023437500000000  -2.578979492187500000  -3.262695312500000000  -2.458862304687500000  -6.335693359375000000  22.011718750000000000  -14.753906250000000000  -9.469726562500000000  -7.715332031250000000  -10.528808593750000000  -22.576171875000000000  25.715820312500000000  6.960449218750000000  11.145996093750000000  -12.071777343750000000  17.569335937500000000  5.669189453125000000  2.692138671875000000  2.990722656250000000  6.003173828125000000  3.867919921875000000  6.947753906250000000  4.324462890625000000  4.821533203125000000  4.739746093750000000  5.322753906250000000  4.793945312500000000  5.404296875000000000  3.943359375000000000  2.912841796875000000  3.317626953125000000  5.301757812500000000  -28.636718750000000000  9.626953125000000000  4.692626953125000000  2.565551757812500000  ]; 