iq = [  0.000000000000000000  0.000000000000000000  3.770360444436925196  6.612522939511825903  8.322572709681724135  9.389653135509792747  10.067991137686357561  9.677004112964272764  10.201781776960549664  8.098738267509995481  3.095637008544194657  -2.650134969106117122  -7.137842934346031676  -10.305392124908573592  -12.283257070697397140  -3.815447638008741205  3.523584320077726595  8.337980467974754006  10.402606880689182489  12.021036499637062889  10.610770155350781607  10.570735264295525013  6.657542511441775446  4.459062927627491568  3.605140842865804718  8.279475062397169793  12.219154825852886148  10.997983704237734415  6.229355033670972652  2.257417549191544026  -0.692746028754865462  1.916772623909539952  4.879073382681873738  3.298732888152836384  0.739274729301237388  -2.390536421851924942  -4.007395635046811400  -4.551388578957624276  -4.382706151801962768  -4.640598805203048904  -1.748569362762807389  -4.678161369545825288  -7.504148423971082948  -9.921584609377976705  -11.756479831201815500  -8.381937596850935535  -5.659795905910141478  -3.694221336830351810  -7.305362969532297690  -10.321269142910825423  -7.631036150400815288  -3.393925491741728084  1.016419497343369338  3.710775071371517075  0.118714090278087409  -3.870966091779264318  -1.210887962543643726  2.022579549365885576  5.337421219257331373  6.636068103108047289  1.400154083243881908  -4.058663304523116189  -4.341977969694002404  0.099080344638420970  4.233870897512217013  7.763902152116515687  8.097761482019233625  1.563394643600190870  -3.582806399611610626  -1.220340535446186259  3.874055197360866121  7.737286975255364574  7.040384929645924217  4.497419624305218910  4.104709419037043894  5.176355271441957839  7.118922040969185794  9.446151852084344824  11.681699290025223448  5.661430030223212562  -1.378528291124268446  -0.442329042114321114  1.756587259676294366  5.627058369135413685  8.050361255314614439  8.940025392559967088  5.434138297683184682  4.310687990134446146  7.946156933167357828  8.724088473250182219  7.253763051936494399  4.177135890285951447  2.805493896354954053  3.346680689721246882  5.090557756601398864  7.495820863802942213  9.699375191945444286  9.666668043368989771  9.916716331294617603  9.284459467754043516  8.148377393819403736  0.803377275469042251  -6.041421446974829301  -7.525224416404156180  -4.108037547859211713  -0.819772142341630095  2.019759962942694109  4.205963163216890344  5.606981347481510447  6.200488640673309959  7.677580088832538507  9.515070500020788913  11.195526353953734855  11.943840636973263258  2.327861999883366284  -5.135444534666858019  -6.474305860523628553  -3.279331826079720180  0.139604489838550089  3.493137019261613130  6.491329255200818160  8.801448046264647829  9.967218559139913836  9.271526437441886870  7.114879474860146935  7.678167748558240469  2.956793128763617773  -3.011450393780235046  -3.529013219022187453  -1.572556287185651325  0.998739295522834136  3.766312077775525680  6.374292800575695139  8.516101548410510702  9.898172595067491031  9.765494968493561245  7.278596339163275530  7.887171860413152658  6.461756603759398310  1.800838751038261076  -3.928620598460499380  -4.026451378961934502  -1.889316595636824747  0.880553516761834909  3.875663707028650151  6.735894154543150769  9.142986845117851757  10.788569566106454900  11.321759784046175668  10.909329985343973135  8.695235350726884249  10.001164339893819033  3.945119144464856120  -3.768606164972752026  -5.633656134255645043  -3.599459399265616533  -0.985280175253290591  1.803825870198822123  4.425236679511421301  4.964373621651031243  6.750701457828350627  9.916126662126487190  11.101476226469953801  8.373120846289827668  8.414455005512573749  10.768822113500455373  6.509618078698535371  0.528902500436339906  1.283216360838319137  2.758763823167179829  4.528953915251141105  3.911289687137418536  4.841824731599239762  8.577651927065874204  10.936289755060686346  11.865678274185222918  7.363170868759247867  5.594766749612367640  9.027107993805119079  11.743956292203513669  9.710324642138708384  4.395056348413485914  4.514417603258724654  3.957050910206334038  5.227037854685026019  7.285106267370701438  7.721484734752611878  6.046557803060044201  6.070068738723223944  4.950739653788691186  5.495695667153893460  7.053667783840273486  9.118485256729357502  10.364586351651189133  9.449134426262082442  7.092337270741925437  7.070178676333725321  8.528381404633178065  10.742992807683039658  9.771211674567803485  3.049619167296897082  -5.864371343964650762  -12.187478766864922264  -7.697701939716575126  -3.127164405992328255  0.911069810530491520  4.112900518146354933  6.253842931179029563  7.115927402805419355  7.794989663094366250  8.830859397298462810  8.181374114460954416  -1.202868595990958855  -7.050201815863081478  -10.690149563594554039  -11.579561294135816141  -6.583842303284882291  -2.289991984321376073  0.873803986472602157  2.763642123175829468  3.373184664619707451  2.781051719540517553  3.787444563438369549  4.859571279090622475  4.453862393225009875  4.866121877612105351  5.092335956196762936  4.796957428763007236  4.594490620462275743  5.481431902005652113  6.902935761553592009  8.425940558528568047  9.696213316545447825  8.815449772669921913  9.435565498719643784  10.935355618343283624  12.742044304586348957  14.149668244429948416  13.658685482646168552  4.579802833972690834  -2.364782255766903152  -1.079549772387484508  1.341139268823156483  4.541900618883242480  8.310244834227813016  12.519504142923242540  15.702611475230273896  14.778507673748999096  6.899408844852410461  0.645715665345565792  1.652893507086719893  3.803348284948452562  6.561297571424799635  9.492094275692197769  12.191012525921467002  11.597137420007269881  12.590222516702461064  10.382342554471378548  10.752403700806816289  13.024169170239083826  15.839005194482000505  16.994531343655246758  11.824861179661546373  8.521308854278473177  5.368087048582047771  4.554773954164345717  5.267954965863441252  6.908732362075872935  9.002352163684413711  7.448643522348973534  2.903408789536081169  -1.729392282633265054  -5.779122923263355638  0.701814563092274968  6.336189076991937341  10.796306814544829322  13.787967007295151234  13.980761744862643781  10.564955849698565160  9.093422396563873633  9.010097253273620765  9.837496803599371731  6.354471656932314083  4.101653396553077258  2.978305733576171566  7.495466641542394726  11.459102022246916874  10.398344691884135571  5.953499118941942392  1.432271639945496666  -3.278210217249090341  -4.158969722868400609  -5.643595844082152091  -7.265849041779859796  -8.679370827501053043  -13.432458560489822119  -16.224014693093927519  -17.303560458980768999  -17.073209436192016142  -17.107455366683939957  -12.413637151650455337  -2.140214263891359270  8.726027388844627808  16.077789517082774040  16.322400294392746645  12.959636988078324649  7.309627180293638560  0.685129841643876247  -4.637192883646397590  -6.653178151009906394  -2.388600687321876581  1.956935114516256347  5.957743494664018868  9.366847643562957515  12.074008166370477468  10.811226781174084977  10.744452386584908865  6.766300201216352228  4.291829894074902008  3.154258536219761044  3.068393384249741285  3.720694287071096173  1.720015090891885645  -0.489105670371073276  -2.614166806057074854  -4.500029062834063787  -6.091591238245206874  -7.392242159634645482  -6.988513487305543670  -7.771147359211944661  -9.258002870637705328  -12.683826752708259988  -14.622619310049309149  -8.306236902191631799  -3.541346770545974909  -0.375654059584876632  -3.503417354162928987  -6.733012366427918671  -9.542114031732737089  -6.804827819821239743  -2.249039601125100596  2.475484051274538633  4.642901338108716303  0.302725730688647054  -4.303338090894277990  -1.175228251354656805  2.069919155592272020  4.977087978806513213  7.242405309128947977  5.590102367448485765  2.559581008302620919  1.321340691023873193  1.859612093081383755  3.546313119097273425  6.563538768520229105  