iq = [  0.000000000000000000  0.000000000000000000  -14.162902198209295079  17.376831753892957977  5.751041919042817696  -10.715831221563169251  -7.131054456900908889  -10.699165302326656857  -7.493105956962524239  -0.017888055907398961  17.640871125833243127  8.636814163404586964  9.502783647711254389  -18.729434316120642023  -7.457699525491769066  -7.673562631960389346  17.489809780717816778  -4.368727908557579198  -10.996258966913726951  3.132728960725855050  -9.249970578524889575  -3.971428112969257462  3.362258979393504266  1.777122831254333457  7.990313624474462806  18.562814121952097679  -6.530639463784943644  7.731578837607560040  -15.884280799390070982  -4.005254875462540554  4.549628990953975993  21.695123837155719571  7.092966876536745957  -0.326145445525140576  -16.343120179482504284  -3.237574394012560308  14.083612688632669574  10.338104154729167661  13.510344848267871853  3.880191256230919983  17.066172973263263657  -11.148246103622488690  -7.964161577864347308  -2.904598761932670303  0.975710511061350427  9.325830203865777435  11.415879711095866966  -5.483372655785882621  -7.125684267858332532  -3.045429742307675269  -4.721649455444566712  11.842847230330253439  6.584889030961385004  16.839629988367043723  -20.340081531301553497  0.756392837931500583  -0.300833169733492167  -1.298344509602852970  -14.772269545981220773  -13.442866695585752979  -5.087240111928742259  5.484304775176355840  8.337228538274032985  15.918752329614287433  -10.692751759802732181  -14.349796150672236905  6.540171775978969038  1.445770599177844451  4.543521183366585170  20.573556234821431588  15.969219211049390239  -12.620400973055591720  -7.877560758499201121  -3.671809475175251691  -7.107244204992118064  -1.602405667514358090  16.938032169735482313  11.357291296329515617  9.041449235463135281  -8.551189106097206505  -13.000028124651567651  -6.487787144935106554  13.483169108950910697  12.201614683242986814  -11.581128801828631580  -6.277946762245686152  19.444842795491890541  7.475821103884633168  14.882517745993247615  -2.832030177710836316  21.318738973811285575  -2.350134382544552203  21.012882385824678266  8.760294743098071990  7.346443745017017690  -3.634062916303634871  19.569104577098016762  -16.156642704424790224  -12.126561308284051321  6.099856772082788758  1.754909836935093059  -13.310690778607700224  -16.363041305045836538  17.816711002847483769  -5.532869646166509447  7.864845387510321473  -20.080205673362911512  16.406541501076105760  -22.531081820094986057  4.203674669023329535  2.656878070378480672  7.723866977272769496  -14.079862006128671226  -8.365586310571435646  -5.524606312576107570  14.990823808397752970  9.400608491450066495  9.229107940154062106  -10.641457782510405750  -11.444178105141752155  -8.337738812049845905  4.189694664380922973  8.593617977253870777  15.230620590567347961  1.381670688659532242  -8.927343455252851001  -15.597043356221105270  -0.031352937626888344  12.920585895926290476  16.588712440796303582  -7.918670484169810564  -5.628840434630608236  -15.456980401036730655  -8.165822791615438447  -7.070154303111387151  9.078262656932022168  14.848077812512283202  11.044724461162068962  -13.236004884795246284  -16.346564418924590001  9.961790312455336860  4.663390978320757441  -9.566682511168540515  -7.817981753950210333  7.178530985867337399  -8.207795282196009623  18.168187691468393297  7.207942348576966474  -2.135076753224866675  -15.245733589710496858  16.108614396639787003  -0.814173764835011582  -3.190338904341301074  -13.371846531466127672  -3.184962116353279082  3.542171406777136600  19.293142744604892869  16.847572446084239317  -2.155576764603512441  -14.181810465376717190  -8.693058262275092929  2.346439307668274576  11.890181367648937183  13.736979618331803366  5.661114656624790520  -7.007660658604047299  -14.663359868507013672  -3.228495374791004124  8.969670753069761915  15.273737664398653990  9.718084518711764375  -2.182850621629690124  -14.551883213576255471  -8.608010448907883472  4.935798977329358017  15.785170618389187780  16.669506138855545885  -11.196848454779782855  -3.005383615958275634  -11.715392714494909043  -9.939050246671193634  15.377539319254806216  -0.550062143062925779  12.282353564059677709  2.608057829408257700  0.875436732331523526  -4.722540740310770424  10.472612992322277492  2.784171588253263607  7.606710125303224324  14.298403430496239963  -10.415860591678928415  -20.175112300795241538  -14.254534771462212817  17.578719024940379967  14.718694295901023850  8.437946069093905876  -18.855245979378643995  -11.848539158454695297  2.551004471225905235  2.720387411263042399  13.933703922505060291  15.934468370712362884  -3.757535694783333380  1.574275243971773763  -9.981887437911906247  -7.825613222402967750  1.452083554215054528  22.735764554159413109  6.573778113582048555  16.830435605520584375  9.649399539883662058  13.768680789068062253  10.659418473703141217  -1.139901254175210932  19.437123269063278030  -4.025101337747521768  8.480820478150031150  2.952271484364771936  -4.194597648136556778  -21.711028035587368379  -14.092906572188546477  5.858462585169257331  7.788349404877288329  9.480156204789993879  7.763264826961319365  -2.760681399341794684  -16.777400413023777048  -3.433025304551362122  6.892116290152824121  16.602758813924769044  8.886305345617920182  -9.288964153676044333  -22.476041913775915759  -8.261179812069951112  6.583820486003649997  15.496584310197677681  11.852376245738843963  0.413275628021779473  -10.915854602010888641  -13.229720234486819663  2.679469897860400796  15.533256228529086940  13.585137630767917472  14.441992582045013904  -12.572519992044826509  -9.914149422912780452  0.549694046440451278  -7.783331482811046698  -4.084422672980529079  18.150692249786541055  9.163712690998481847  2.933884135019260153  -5.623956759710543984  -9.387355747362700953  -12.765325686440517572  7.824537263264149445  14.319128129224196755  14.287429497745186779  5.859376730567297464  -3.974018785817191368  -15.700238420963071206  -5.616113020134964273  12.902918139435579192  15.574828320526309611  -1.266260150988550492  2.525717075321708194  -16.566803697146912810  -9.796543264085343594  16.002105146504923994  2.837390239308353657  -3.142213042123634281  5.043329234998225274  2.347226602888737634  8.273748074873967795  -13.362050270417668685  -11.502314035306014262  15.599475618522227194  10.000110061778443082  -6.603117276761677701  15.607118826619007734  -5.843378143432201632  -8.808843455562925584  3.159786131434487277  21.820229544332732985  11.428277959932522378  -1.276256388485689897  -9.835712742407055842  -7.922635233189880388  -4.677719212874320576  11.219566638924479918  15.071112815955077124  12.605075890222261492  4.265563995242946049  -8.380653137351682602  -14.492956870236177735  -1.138581521347676428  15.149589265868995014  14.391341816223667038  -17.105029452862819284  -13.178576067748426937  ]; 