spd = [  0.000000000000000000  -0.001837334639882410  -0.002546094067744338  0.047091106310055586  0.314524218964917057  1.170518952703799354  2.944571625607210308  5.853963910733848586  10.077126814800788424  14.786729707921724142  17.846111425733933942  18.209943287474754214  16.564916354729270154  14.012514615230763582  11.936259871684251621  9.560488668867986206  4.623028224175722123  -2.034159408332316232  -9.920995343421774137  -19.493328388830327924  -27.893160383827567017  -32.393630106764646825  -32.401634457366988329  -28.466526011278727282  -21.917684773306021384  -12.789437066915775532  -0.747447424622046275  11.628903180856498878  20.075667669965461926  23.173137233304874627  21.830767532996716795  17.702766809090931588  11.604691335854539602  4.236525048249224490  -1.327732381960475827  -3.193230329686073343  -2.456435713380633601  0.381174459499790619  5.913354016428489679  13.616423820760605423  19.652616648467617466  23.337211316748227574  25.917862637740284981  26.330136833811607744  23.985976845502388954  19.558262050910823149  14.955931571344981634  11.732550952809321032  9.335364455226827118  7.405125057003045796  8.383186460913753635  11.388468785533923722  13.257884836256076611  15.165027571468550960  19.720928913391784221  27.182036825947868408  32.959034920957570591  34.045022979905184002  31.578943490423281304  26.591232637984298037  20.404118438502901967  13.493431794525070799  8.077387155720710865  5.837856708076241574  6.194519289944885543  9.038024117021166148  13.334776784366283664  16.866145242052880349  17.890768844458207809  17.241164702136074993  17.523675126346159203  19.287772009058553380  22.728988970939155934  28.234943056929605376  32.650996426453779975  33.980804896032744011  32.985957178729485406  30.351480694673799832  26.687243283044498554  22.845784849215736045  18.807497042962051381  15.722134137595448422  14.961660531436372423  15.984100141716137244  18.519282798299492754  22.564529596349153451  26.788140181100349224  29.753200180803343500  32.694552315949195531  37.109408842039663057  43.103952641586914751  50.316280328801482824  56.824024473647007483  61.017964005790510384  63.087819287448830607  63.211928119967943474  62.566701773575239542  61.931052801356955229  60.803208579148737556  59.363734761325446243  58.463523445096065245  57.623722070196684797  55.802566191446196342  53.556136588772545792  52.659352766880253682  53.882767422144802083  56.796218293925392118  60.860925549494126585  65.607321381759234669  69.520316162962018325  71.597005207300711049  72.227277468832397744  71.822054314003494824  70.810963395757070771  69.908142523530884205  69.119116200468340594  68.303722829793329652  68.229011266874380226  69.145369980401241605  70.698558035235862462  72.560080349188339710  74.559421152200712868  76.702221642678850344  79.104920571486900371  81.316149419654820463  83.212752807020578416  85.067458316015986952  86.761532268507039589  89.070375416899651100  92.408648586059683794  96.044534981647530003  99.489785119376364264  102.345117132084652667  104.401259855241647756  105.661046103545842811  105.765597164298000621  104.927101425324451611  103.818760332380975342  102.520044522088042527  100.722071452839699646  98.301336736014278017  95.995311564807380478  95.257659287212376853  96.312426530214963805  98.624648191414564735  101.645317506298241028  104.969451544318729930  108.394773596713591246  111.908687688733522236  114.965534057152865444  116.950287691098651521  118.524865714207408018  120.203180851079622471  121.552317107549868069  123.140335808043928978  125.850851394871384059  129.423005980731772979  133.351264729636540096  137.131771394238541006  139.219198032405870435  138.734475640161207366  136.926459987093181780  134.544670764555405640  131.957059387986760157  129.872927127382240542  127.821075155031266490  124.818094817324364953  120.382705058573691304  116.902075732913957040  116.692848888955680309  119.518754803519385632  123.479110625764121778  126.572246888649928565  130.052583877354493325  134.929995061291037928  140.570826497600933180  144.587923133886931737  145.595690377361677292  144.862877612971288954  143.142990299115695052  141.244687408928569994  139.578678119294494309  138.054198051305149875  137.318295835924800485  137.754874583656601317  139.406704887970221307  142.003357321124070722  145.305220090636282748  149.780881883700828894  154.903258914563195958  159.615568264651159325  163.737606773319356535  167.089604005573960421  170.784546820145067159  175.664415897326904314  179.676576293703163856  181.604759382169476112  182.108667830608681015  181.706765302760146596  181.119235045280078111  180.616830061141030228  179.895564204908708916  178.553693669917322495  177.638155442954086993  178.166790202754413031  179.612351356389524426  181.435566901461214684  183.291748596076615740  185.058915869285556255  186.249716227624105613  186.795977967410550491  187.212463046516091936  187.401640555722309500  186.853802753119850877  185.360369912713281337  183.862790514181085655  183.756128403513002922  184.849674799234492184  186.388736832576540792  187.799825177276005661  188.772407685911502995  189.231194637026732153  189.014052706913503243  188.344145407367022926  187.647581948383987083  187.466725956940052811  188.370443981443202119  190.609100520674445534  194.142142022314686756  198.680954201082926147  204.034559999239945682  209.965155217123879083  216.276027376680616499  221.475287687737250053  224.575298233151244176  226.110873937639098585  226.559499875932743862  226.388791672503060681  226.022861941277312781  225.589129300891499952  224.964980217068813317  224.560926407110827085  224.531606216672372511  224.488490934020006762  224.249707396535370663  223.855053653313461837  223.376387978848214289  222.585829593746922228  221.821594313015481248  220.513510574018027910  219.469195493913389328  220.347897823432703035  222.679899979738081583  226.064186118373413592  230.249081339975930405  234.305664520317748156  237.766250141179938282  240.430696321545184446  242.275959524740642337  243.926018928403067321  245.758779048587825855  247.926235355420800488  249.580243205058962985  250.444332806829720539  252.165915809181541363  255.335135267091601463  259.613117284363625004  264.521584498743777658  269.604110591191329149  272.890795596539419421  272.920929850195705058  271.733153111858939610  271.344900795463786380  270.477009229318923644  267.311802904047908669  261.866777097343458536  254.450688345140775937  246.516552044261345600  241.042718023694760632  239.368643548080029859  241.236133983240620182  246.347405091514872311  253.171060904797769808  260.041097424119357129  266.466728549597007714  273.735562145681626589  282.897741817012274623  291.581405272794881967  296.819529753573647213  298.412338392194385506  297.676803332687541115  297.046699591951210095  298.511265446471384166  302.260209031339968533  308.315111102371417928  315.789144935489673571  324.333733087563757636  334.604052315489639113  346.961828174056165608  360.545678639517632291  372.386521484763022727  378.163846101349179207  374.826807264430101441  362.185620446433574671  342.121603996674707560  315.463161685205648155  282.839220933966942084  245.306058541175957544  213.068963620013420268  192.399164123054987385  182.032373624015860969  181.582079673111394413  187.886907810718412293  197.988506916148651271  209.395937852956109282  216.102240208412695210  214.373342906583786771  206.445614917410011913  195.404536617705190338  183.523377330113362405  172.859427089136460154  165.202047618074146840  163.648861682659628514  169.140635567788791604  179.789986521546239828  193.489157161489430337  208.081729685752009118  221.545819439299606302  228.862432783649126122  227.275173237880494526  218.591502082355447101  204.975371400402963218  187.375737804340133152  172.060713141073506449  164.656828291556962540  164.281483401257986543  168.866878236410286718  177.399798931040010075  189.860779307219019074  