spd = [  0.000000000000000000  -0.018373346398824091  35.392503628576591268  -0.282854282103650545  258.106351176951193338  553.498618365347169856  732.781880659213584295  716.794938700477359816  649.763865653363723141  625.555180617020369027  475.770779331315509353  568.713767202044778060  366.034237181645323744  17.359987591010625607  283.142436690123417975  402.222406476144954013  175.265704197163898925  152.836649652055683646  183.815108610365257391  215.051158022773222456  458.790663822898295621  697.601102878883011726  748.953196606888695896  718.495184903365611717  710.899643698443810536  691.724580666398765061  704.778825418895621624  783.071339849813057299  724.947941303630955190  795.227097774906269478  725.361275863690707411  680.849653865704453892  542.006175273332814868  387.839953978530502354  307.445897996491567028  321.279654583056696993  256.174913513762874118  385.038034544188576547  296.349582167594633120  402.185185462196216122  221.720805667535273642  65.316420601132378465  180.731125712591875754  294.379402077391716830  490.582938989517288064  489.993085060549731224  265.560277550266732760  327.398334457364114769  152.541324340977098473  -92.657608804977186878  242.095340145636782836  365.765680373551560933  628.174980163086843277  101.894155450785703465  -302.013018110974428510  430.538682322297120209  493.553122059756390172  407.460379494943140344  -71.750048664909940044  129.328577416755052809  42.959714383455221309  332.876659841506068460  331.939401696105221617  -64.810894713124682198  -183.736117737829488306  -71.632942181183224761  185.261691553067151972  563.349126486870090957  397.939011689251458392  307.320262366976635349  -49.889792680200187647  -227.345077252414682789  308.136631523623918838  405.860076177621238003  234.195955545657824359  112.697964075707901088  -118.519330055262898327  92.849855119446544904  60.353970464146613040  -73.306967077187394466  81.001855030591656259  138.782053138785528290  -33.747527554503186309  140.170093773474008003  424.379481271498661954  626.929795874375940912  568.311036468102884101  614.588268185050083048  676.910063160324625642  758.160128506472688059  560.760656634128508813  437.739620121777875283  22.665686748221467894  229.876470385029847421  40.445340435075841867  356.497617157940567267  -78.381641286443937133  -485.777476405550658001  136.668663386405455640  617.480013959012921987  776.859420961643536430  908.546141932890009230  610.769100113773788507  181.837480641741109366  139.883232955004672249  295.152892494917750810  -168.841990844155873219  -394.528372667291989728  25.172336350506672176  503.819942327883609323  315.852704312061064229  -63.661193193928873768  -288.903055964204440897  350.609395746382290326  28.854457189295533937  -294.893819778439535639  312.007195942244209164  -77.390799364649268455  -144.097377307253793788  252.188863330438437060  24.340329141454663642  293.922450480107897874  310.560956638776531236  -151.213479299630421337  111.605380854333645857  80.606071012765838191  -155.271569644962596612  19.963436773012819714  150.070093762710683905  -38.349069165636826995  -354.002265140713973324  269.309832728896935805  410.691520687710237780  260.332502900307588334  -138.607254736387261573  -17.616072225749530133  143.917749822015622385  -72.884822941894697124  -228.205542574757515695  -11.041710406673871603  305.083457971519180774  607.446566461448242080  627.079986250600313724  382.611910307375296725  -67.162505920992003894  41.396092312131102631  127.329200388152131040  344.633987982127791838  218.908520412745048134  -66.912047111435228430  -59.312272765936796759  510.163706556137867665  233.554360180210892395  -412.878155422556517351  489.222651505361852742  236.501440420287366351  20.027998821156387521  101.537909359877872362  -16.622726838901836999  289.320241092472656419  266.679964277944179685  -278.024752842860266355  41.568640270069259657  221.083435275798393604  -207.840638250228096240  106.845529638347329637  166.186864459354495693  -185.259802217288978454  60.348283944661595513  144.550524240232419970  -101.750565961892718292  139.673151052335157374  55.902460226854003622  -156.249941351318000216  56.619859043141318011  97.015723165764370606  356.926743373980571050  452.770976420555030018  359.586146551954755068  254.620683365556686795  294.213653894719470827  347.680509622095371469  555.417177691941674311  321.749789699595964976  468.630165323469043415  223.271868214990092838  484.382047585232726306  485.912599861543753832  -158.450032035055897950  -366.915233140359987374  195.575379104048749923  239.256903116011528709  277.651585354067663047  68.377710014469641919  19.317051933150889198  388.088270777068089501  214.091186020365512377  -184.069802676115699569  315.630393558908053819  376.767861221789644333  50.927280925926034172  62.509110633018138969  -197.056362293228858107  -321.850190356583311768  -18.444688409081980041  270.190499539542088314  612.577061952816393386  721.068802220791894797  561.870606484292238747  528.882451495799159602  538.344449800450320254  540.781494651414504915  592.008764728342271155  591.801241155369325497  670.677882118604657080  411.564737609589258227  226.622038244722148193  -1.118081381361606619  475.314592516260972843  313.420695497898577742  40.801672306312262606  120.562338090823516268  -83.487299274933619131  368.633569314767669312  274.794280178032295225  -166.654305617243323923  119.016675409717819889  63.308879525734631954  -191.936192307984327954  75.239901093084085915  77.043155135456913740  -59.719342930418719106  -414.371167661353467793  -132.402078172755864216  -150.593069494734237423  -28.209098330860499004  96.739712765281524298  -63.197904611758922044  106.572540734293625064  39.675059795865983858  -124.514439124245640755  -31.519122672979140276  52.750165574318003792  -31.403974099032602396  94.996261743605728611  251.167563327312223009  555.096267964691037378  528.258402277038157990  396.925968671845112112  181.988502238083015072  9.419757606911836945  362.557259953262018826  227.195647760273743643  358.244807650336781535  336.601778314993282493  25.478918055859590908  35.553622605871716189  72.035679620347124796  -36.405708973908083692  114.050634996515555031  -3.222840766068457263  -74.202389931399210354  12.314838423590471095  40.542754073736126941  29.754767696891715190  60.168764299377471616  -10.855945345269914171  -114.381817888388511051  33.552666239205976240  201.069865649989736767  443.461111536147200241  591.082344705914806582  688.694161303392661466  250.538026969963794954  329.137337345771356922  220.066419754543403542  475.393818831831993066  442.835251485956234774  -123.537871496201617560  -460.260036945546573861  14.388794469073957316  521.650971831922106503  647.386766420716185166  496.928717062909413471  71.178777679066485007  140.922705572193166290  105.147077153337860977  311.524267584910830919  348.306294612127487653  35.984375025147180338  90.102457995368567367  63.651912160282030584  -14.826874095587839975  115.066232299200265743  -17.851571811419084668  -90.581130757429420441  11.694188539489674739  14.689207661328483212  32.997408880326979386  -63.932890315264138792  -28.752839490369538566  ]; 