t_ref = [  0.000000000000000000  -0.000019230768884881  0.025107197463512421  -3.272688865661621094  -3.548982858657836914  0.371595621109008789  0.385956823825836182  1.504483461380004883  3.219491481781005859  3.962920904159545898  5.601753711700439453  8.501695632934570312  9.095592498779296875  -12.774988174438476562  -13.352811813354492188  79.348182678222656250  78.081626892089843750  82.976905822753906250  83.869613647460937500  82.267509460449218750  82.104080200195312500  82.421302795410156250  83.186660766601562500  80.560874938964843750  78.868385314941406250  83.997077941894531250  83.075057983398437500  83.844642639160156250  86.239669799804687500  87.681617736816406250  89.296455383300781250  88.496734619140625000  89.952552795410156250  92.899429321289062500  93.738487243652343750  94.213706970214843750  95.234336853027343750  96.494804382324218750  95.122329711914062500  93.731643676757812500  94.480941772460937500  95.957977294921875000  96.242301940917968750  97.559638977050781250  100.837959289550781250  101.682891845703125000  103.302566528320312500  104.315010070800781250  104.543373107910156250  105.369598388671875000  106.421432495117187500  241.644256591796875000  242.205581665039062500  242.381942749023437500  246.681152343750000000  247.173507690429687500  247.765213012695312500  248.390090942382812500  248.415542602539062500  248.693130493164062500  249.278366088867187500  250.234710693359375000  250.848114013671875000  250.589538574218750000  253.794891357421875000  256.566955566406250000  258.260162353515625000  258.780822753906250000  259.409454345703125000  261.114471435546875000  261.043304443359375000  261.680816650390625000  262.515594482421875000  263.301422119140625000  261.836547851562500000  262.548339843750000000  264.248504638671875000  265.284606933593750000  265.888153076171875000  266.517822265625000000  267.151367187500000000  268.229217529296875000  258.785766601562500000  259.341308593750000000  256.238769531250000000  255.001052856445312500  256.602752685546875000  258.330017089843750000  258.472595214843750000  258.730834960937500000  273.007141113281250000  272.899139404296875000  259.660369873046875000  258.989318847656250000  265.329162597656250000  265.309844970703125000  261.022186279296875000  260.156250000000000000  259.530395507812500000  259.561035156250000000  260.654571533203125000  262.126403808593750000  262.364868164062500000  265.314086914062500000  262.126129150390625000  258.341918945312500000  230.897705078125000000  230.561111450195312500  233.063858032226562500  233.862503051757812500  234.760635375976562500  235.560562133789062500  236.099822998046875000  237.108749389648437500  238.576141357421875000  240.417327880859375000  241.269790649414062500  241.729644775390625000  242.282730102539062500  243.084701538085937500  244.436355590820312500  246.199157714843750000  247.296783447265625000  248.381332397460937500  249.104782104492187500  249.730163574218750000  250.469284057617187500  251.392639160156250000  258.317199707031250000  258.142272949218750000  262.283782958984375000  262.438964843750000000  263.176757812500000000  263.611968994140625000  263.944976806640625000  264.296295166015625000  264.827697753906250000  265.797668457031250000  266.604919433593750000  266.384643554687500000  267.043487548828125000  268.602783203125000000  268.675140380859375000  269.114379882812500000  270.605804443359375000  270.105102539062500000  271.799621582031250000  276.509094238281250000  281.942901611328125000  283.054046630859375000  282.495819091796875000  283.708496093750000000  284.323150634765625000  286.132110595703125000  286.831237792968750000  287.518066406250000000  288.716217041015625000  288.971435546875000000  289.843963623046875000  292.935546875000000000  293.368927001953125000  294.140747070312500000  295.041137695312500000  296.131378173828125000  297.345855712890625000  298.195465087890625000  298.962615966796875000  300.114257812500000000  301.425781250000000000  302.930206298828125000  303.855194091796875000  304.472961425781250000  305.079254150390625000  305.839782714843750000  307.134582519531250000  271.111114501953125000  274.268615722656250000  275.425964355468750000  275.024597167968750000  276.575866699218750000  276.460998535156250000  278.404357910156250000  278.695373535156250000  282.743713378906250000  281.059844970703125000  285.593078613281250000  289.548492431640625000  291.539672851562500000  290.245239257812500000  292.589965820312500000  292.275268554687500000  293.884765625000000000  295.320678710937500000  295.200622558593750000  296.613586425781250000  128.569778442382812500  137.862609863281250000  138.064163208007812500  138.711227416992187500  139.369155883789062500  140.780197143554687500  142.332809448242187500  142.576202392578125000  143.245498657226562500  143.679824829101562500  144.522384643554687500  139.836990356445312500  137.995620727539062500  139.377227783203125000  140.403762817382812500  142.451141357421875000  145.414657592773437500  147.628204345703125000  147.824340820312500000  146.718734741210937500  146.396148681640625000  144.861160278320312500  144.231674194335937500  144.813140869140625000  145.632980346679687500  147.196228027343750000  147.337112426757812500  148.051284790039062500  148.949569702148437500  149.820190429687500000  143.297012329101562500  143.464889526367187500  144.061584472656250000  144.804916381835937500  145.841873168945312500  151.837509155273437500  152.424804687500000000  119.178596496582031250  118.102050781250000000  118.831069946289062500  119.718025207519531250  122.450843811035156250  122.852706909179687500  123.391769409179687500  123.880401611328125000  124.466209411621093750  125.313102722167968750  124.343704223632812500  112.375831604003906250  114.339012145996093750  117.862213134765625000  117.075012207031250000  118.402221679687500000  119.740562438964843750  119.726699829101562500  120.851715087890625000  122.046585083007812500  123.399223327636718750  124.658012390136718750  125.491378784179687500  126.298316955566406250  127.168731689453125000  128.858184814453125000  131.144454956054687500  131.348587036132812500  131.635910034179687500  132.031372070312500000  132.597854614257812500  133.266067504882812500  134.169082641601562500  135.210891723632812500  135.212982177734375000  135.885330200195312500  136.222747802734375000  135.763595581054687500  137.029357910156250000  135.715682983398437500  135.653228759765625000  138.005294799804687500  137.151275634765625000  141.890991210937500000  145.888565063476562500  147.854721069335937500  144.811828613281250000  146.075637817382812500  150.548828125000000000  151.312561035156250000  152.098678588867187500  152.768753051757812500  154.522079467773437500  155.121459960937500000  156.755264282226562500  157.938201904296875000  158.959320068359375000  160.206985473632812500  161.329254150390625000  162.377990722656250000  163.595748901367187500  164.323379516601562500  164.886291503906250000  165.489181518554687500  166.460876464843750000  163.220932006835937500  164.845626831054687500  165.776992797851562500  165.616241455078125000  ]; 