t_ref = [  0.000000000000000000  -0.000000192307695102  0.712218344211578369  1.469817161560058594  1.866975069046020508  2.158863306045532227  2.371015310287475586  2.540346860885620117  2.696393728256225586  2.816066503524780273  2.865418672561645508  2.826828479766845703  2.719675540924072266  2.553759336471557617  2.321118116378784180  2.235462427139282227  2.369938373565673828  2.705381631851196289  2.968593120574951172  3.158537149429321289  3.302523851394653320  3.440016031265258789  3.536827802658081055  3.634196043014526367  3.759417533874511719  3.942555427551269531  4.128813266754150391  4.286225795745849609  4.384850502014160156  4.463580608367919922  4.550634860992431641  4.695308208465576172  4.866671085357666016  5.018802165985107422  5.110936641693115234  5.176692485809326172  5.292459011077880859  5.446772575378417969  5.607617855072021484  5.725464820861816406  5.771084308624267578  5.831511497497558594  5.922888278961181641  6.050253391265869141  6.202732563018798828  6.315584182739257812  6.408735275268554688  6.504291534423828125  6.651424884796142578  6.808168888092041016  6.923717975616455078  6.971284866333007812  6.985414505004882812  7.041204929351806641  7.153862953186035156  7.282325267791748047  7.358431339263916016  7.414119720458984375  7.471241474151611328  7.588047981262207031  7.728496074676513672  7.830908298492431641  7.842993736267089844  7.861626148223876953  7.903270721435546875  7.975884437561035156  8.102108001708984375  8.210005760192871094  8.221445083618164062  8.210578918457031250  8.241434097290039062  8.317906379699707031  8.435379028320312500  8.559185981750488281  8.645509719848632812  8.718996047973632812  8.796284675598144531  8.887703895568847656  9.002231597900390625  9.144810676574707031  9.258521080017089844  9.309021949768066406  9.335980415344238281  9.407040596008300781  9.525916099548339844  9.691512107849121094  9.792769432067871094  9.842424392700195312  9.927193641662597656  10.101108551025390625  10.334307670593261719  10.552371025085449219  10.674576759338378906  10.758826255798339844  10.839694976806640625  10.938108444213867188  11.104899406433105469  11.326600074768066406  11.567886352539062500  11.754021644592285156  11.839347839355468750  12.048566818237304688  12.247688293457031250  12.372200012207031250  12.447184562683105469  12.526148796081542969  12.626785278320312500  12.753515243530273438  12.902733802795410156  13.031862258911132812  13.164738655090332031  13.320048332214355469  13.511221885681152344  13.729555130004882812  13.952872276306152344  14.198200225830078125  14.314771652221679688  14.363899230957031250  14.417614936828613281  14.498518943786621094  14.616855621337890625  14.779401779174804688  14.992906570434570312  15.268545150756835938  15.478431701660156250  15.652399063110351562  15.954224586486816406  16.218837738037109375  16.377004623413085938  16.462512969970703125  16.538835525512695312  16.631244659423828125  16.751371383666992188  16.904354095458984375  17.090866088867187500  17.265615463256835938  17.374805450439453125  17.420001983642578125  17.559803009033203125  17.831876754760742188  18.103868484497070312  18.273900985717773438  18.360477447509765625  18.432909011840820312  18.520591735839843750  18.639238357543945312  18.799749374389648438  19.010063171386718750  19.273666381835937500  19.537042617797851562  19.734674453735351562  19.995126724243164062  20.428005218505859375  20.753070831298828125  20.882921218872070312  20.939334869384765625  20.992221832275390625  21.062257766723632812  21.156200408935546875  21.237936019897460938  21.327510833740234375  21.476139068603515625  21.675760269165039062  21.823024749755859375  21.940380096435546875  22.131853103637695312  22.403245925903320312  22.625534057617187500  22.766042709350585938  22.880786895751953125  22.995561599731445312  23.073404312133789062  23.141691207885742188  23.269882202148437500  23.454668045043945312  23.677490234375000000  23.821311950683593750  23.918512344360351562  24.066596984863281250  24.279273986816406250  24.553995132446289062  24.832120895385742188  25.076078414916992188  25.244646072387695312  25.385095596313476562  25.533609390258789062  25.772800445556640625  26.061008453369140625  26.314559936523437500  26.481616973876953125  26.617753982543945312  26.760774612426757812  26.937528610229492188  27.180271148681640625  27.428453445434570312  27.600204467773437500  27.748962402343750000  27.908531188964843750  28.093580245971679688  28.319334030151367188  28.516426086425781250  29.057598114013671875  29.197130203247070312  29.213327407836914062  29.252241134643554688  29.338052749633789062  29.478321075439453125  29.673263549804687500  29.913656234741210938  30.150135040283203125  30.404998779296875000  30.277750015258789062  30.255613327026367188  30.766796112060546875  31.089462280273437500  31.156906127929687500  31.184831619262695312  31.252672195434570312  31.383384704589843750  31.588745117187500000  31.859189987182617188  32.146793365478515625  32.393638610839843750  32.660507202148437500  32.982616424560546875  33.305816650390625000  33.634876251220703125  33.938796997070312500  34.149883270263671875  34.327232360839843750  34.505455017089843750  34.700050354003906250  34.912757873535156250  35.095008850097656250  35.279468536376953125  35.492149353027343750  35.753673553466796875  36.083103179931640625  36.083591461181640625  35.385139465332031250  34.971153259277343750  34.859992980957031250  34.996883392333984375  35.353443145751953125  35.838726043701171875  36.569095611572265625  35.330474853515625000  31.083772659301757812  30.710365295410156250  30.358070373535156250  30.391023635864257812  30.571039199829101562  30.883783340454101562  31.269475936889648438  31.616121292114257812  31.908597946166992188  32.194782257080078125  32.451011657714843750  32.732212066650390625  33.077632904052734375  33.532184600830078125  34.331195831298828125  35.190944671630859375  35.417079925537109375  35.508983612060546875  35.588996887207031250  35.685665130615234375  35.810287475585937500  35.965507507324218750  36.109798431396484375  36.198909759521484375  36.211833953857421875  36.156490325927734375  36.210632324218750000  36.370922088623046875  36.600189208984375000  36.838611602783203125  37.057640075683593750  37.224555969238281250  37.376461029052734375  37.535255432128906250  37.710781097412109375  37.852218627929687500  37.985164642333984375  38.135429382324218750  38.354862213134765625  38.599189758300781250  38.820209503173828125  38.979423522949218750  39.051506042480468750  39.070083618164062500  39.028625488281250000  38.928752899169921875  38.773155212402343750  38.564502716064453125  38.282978057861328125  37.865207672119140625  37.201103210449218750  36.476104736328125000  35.916778564453125000  35.466850280761718750  35.067932128906250000  34.710693359375000000  34.320102691650390625  33.927318572998046875  33.446243286132812500  32.828941345214843750  32.218772888183593750  31.913730621337890625  31.727806091308593750  31.679199218750000000  31.755592346191406250  31.948648452758789062  32.215465545654296875  32.470726013183593750  32.681125640869140625  32.877281188964843750  33.030326843261718750  33.184272766113281250  33.361076354980468750  33.562114715576171875  33.768905639648437500  33.921611785888671875  34.051010131835937500  34.179634094238281250  34.320831298828125000  34.480163574218750000  34.654727935791015625  34.794158935546875000  34.929634094238281250  35.089115142822265625  35.298950195312500000  35.482547760009765625  35.567317962646484375  35.613983154296875000  35.654689788818359375  35.752559661865234375  35.899127960205078125  36.063930511474609375  36.197120666503906250  36.265670776367187500  36.299571990966796875  36.378459930419921875  36.526229858398437500  36.699237823486328125  36.822399139404296875  36.930206298828125000  37.048278808593750000  37.195846557617187500  37.405082702636718750  37.613677978515625000  