theta = [  0.000000000000000000  -0.000000100961538462  6.017792166222783123  7.037404976763896869  7.602256480792267901  7.975397900252755967  8.258374938697953027  8.473330000234090775  8.655995104368420456  8.804733539129763642  8.890494261078424998  8.892212849884300496  8.815722882539986927  8.691174346829432906  8.548887837446828897  8.462732101133898510  8.464599359404711976  8.527827498776764159  8.624494663012177043  8.739617666573755272  8.850292540005654018  8.946950926285140326  9.017486547911481409  9.059665472720988433  9.089695439898138218  9.139606613065884844  9.228521660278403260  9.330254841331989013  9.408972525060944392  9.450367931178805136  9.459031956972568267  9.468251482820175369  9.511969580316289807  9.565746826463872310  9.592899470588594824  9.581458467634801579  9.540924329010646687  9.492517812989625270  9.447554662919682045  9.407771502391502949  9.383691240641740094  9.357060253487185619  9.302880087163055478  9.218102049884246085  9.099422936978255549  8.978509260033376904  8.889545512943657357  8.831813762866531192  8.765578376064569355  8.670104303111557442  8.585230110673258253  8.537763648612603617  8.529771459494575936  8.553901882679713964  8.572941295571187226  8.555710241962458440  8.532160187207509239  8.541108733682898801  8.589981577311970540  8.669732531091252525  8.722938805569432574  8.703065206903808360  8.637073938854125998  8.606371159419133221  8.642347833398725143  8.734043540601474476  8.848623443404935784  8.910481179736132518  8.896890972749096349  8.872302241078161344  8.890932930615596419  8.961204990184032937  9.056564691277230850  9.138822706541462892  9.206725031619244604  9.291600613714894763  9.420759175109324701  9.616836760873303191  9.879133902847758719  10.082684369843127214  10.129062844377326513  10.107233159974573056  10.122269527948718704  10.203927850213323936  10.338355314723150613  10.486364031333348379  10.594343498498654199  10.666105104169188778  10.764120257559184779  10.905005117568116191  11.045127218849144057  11.145819456676303361  11.204374267345354355  11.257825533901183235  11.334060203354990648  11.456948054579376262  11.653438349493388415  11.938341451947730221  12.391398091257743275  13.062341694656860014  13.538734243136229196  13.710641021911452953  13.629831138204570706  13.459434566070338946  13.343947695203327797  13.306868904936637321  13.324310431182212255  13.382507591946932735  13.472166132329546073  13.583420505029643266  13.730958912642918790  13.951147214575998490  14.309755537018446603  14.979025921101104757  15.658487593560733941  15.514644924549726213  15.176925700590041757  15.009759419174931949  14.974868315631807647  15.030017540950014521  15.169892709396052055  15.406661377927578727  15.763785820406434723  16.222714716744402352  16.609079616648159572  16.930849171750232074  17.142434083220148722  17.149869895613271353  17.088536459202774864  17.052852182552584281  17.058514452164768471  17.106298858745166314  17.200132604964018412  17.348088067495798015  17.566174205204770686  17.873768374290474270  18.249154661013967882  18.666994000686372601  19.041632433256694412  19.235445963890207111  19.203240753199224855  19.100180564964542640  19.045577819018589594  19.046598756598978497  19.097802986414006199  19.199757490901745882  19.357039148450560617  19.577722426035954584  19.870769550379897339  20.238073624920865257  20.652128010579794193  21.185260777642803021  21.594656417248835112  21.611437199473595427  21.507665313199598955  21.434707045133205128  21.412230088746031953  21.432976544201203239  21.494957266978467203  21.582605018952165210  21.699780079253429221  21.885116136523230068  22.159960560984057309  22.465224460073610402  22.743695895921337780  23.023747727036255384  23.230140788358596637  23.306772187523534967  23.332072415925711795  23.370905733879496324  23.427059214366600770  23.485521009604184428  23.546936356542840230  23.641633691787642846  23.782181507965955092  23.961829538747561941  24.129747492242294982  24.263064757436918484  24.440295686548207499  24.737499251295865577  25.140116114018749016  25.536287000136695724  25.857025058664444117  26.052895930361163579  26.210957126446292165  26.391658680248934132  26.584148468272029930  26.735443049425359874  26.849057493687077169  26.940976362190248494  27.026489918755135733  27.128337866285505697  27.263534725863667774  27.442916044474955584  27.649148963621389186  27.843371033658065983  28.041224777473626517  28.309840707570732121  28.771625537511457793  29.683349185706052964  30.869277242805043926  30.792616158216244315  30.427280765815346797  30.162939533677580073  30.060366415011998242  30.059087451267366475  30.135101958064009153  30.281054809259636329  30.499995037802921871  30.829803176396900710  31.497300500646694843  33.250637522857303452  33.576387404695275052  33.402624322119748967  33.113904475391208848  32.836157366816784986  32.666358660062897457  32.605771342654222167  32.615662261665811172  32.675113340818008112  32.770761820468145231  32.891524925581492766  33.098282919161157167  33.623437971998733076  34.053397374636183770  34.266667903152686847  34.421015311874462839  34.540620685089159281  34.635491418990589807  34.728365080822364064  34.834838604477411650  34.962444727827630686  35.114611925180092555  35.276385632112251756  35.453832159768467136  35.682576680173426098  36.017464222521851980  36.592560420261278864  38.332006783212065670  40.249367683120325978  40.322263497902127938  40.280642738592263186  40.307808036638263616  40.441616498813907299  40.796573271999662325  42.005539150582158925  44.444014219861081472  45.290616254600735147  45.634817308103301059  45.745133385936881609  45.789379251858072450  45.862719215284023733  45.981367480005076231  46.158557985163845672  46.405861672709434629  46.694856428878523502  47.030872539734879467  47.403611301687860191  47.840332731537429822  48.517361556224308572  49.463845398649766594  50.196914805152736960  50.613038293104878562  50.828962103397508088  50.950305630772042775  51.035228540965007937  51.116896723976523731  51.212209735087938611  51.332457749575397088  51.460791730697934554  51.556108207935892551  51.590782079579838637  51.563929100831124686  51.560777911864583700  51.638870455462978271  51.786266868601934732  51.986877687015102367  52.202343504721937961  52.379732279379112470  52.515175729641143221  52.633618777390111632  52.749650087860317171  52.848055293022987655  52.920580601394291875  52.979753931407017831  53.060684312440137944  53.190226142058655512  53.341997296697222453  53.471379999609830236  53.551107123812030864  53.567104298531376116  53.547421801891083248  53.514713077854430878  53.468087914524069504  53.411068805674773330  53.328019224147467980  53.222284353721754258  53.115737013805123468  53.020564949921798359  52.937413775434265517  52.881589457345718586  52.880297844862049317  52.939656373304508463  53.041131530125852578  53.154234970914210123  53.254244357056023773  53.329244182603517288  53.373107778548920521  53.386972540799298770  53.383797819645323557  53.385035106842821051  53.403633128775737759  53.440313437776879368  53.494582905293299291  53.565397889919644570  53.642332589145439670  53.720006330184588705  53.788762622297966232  53.840270309448634123  53.880758553490998963  53.916472950688046240  53.952253019125734568  53.983247108134342795  54.003420941817999790  54.013890442467086928  54.016043335109031887  54.011002746949365871  53.999363479825866818  53.985866442359466078  53.969198695617258466  53.943047236469645611  53.897435205403759539  53.830864421795489250  53.777266275706182341  53.757901095281994230  53.763690318223332554  53.768265506796915076  53.753339117905255762  53.721760505462512469  53.693842162607339219  53.689131708532428888  53.713170777799398081  53.758963807468774121  53.796534390461673070  53.803047910289244271  53.804028512251136362  53.829742042406515168  53.880807898381689824  53.951659239685632485  54.021283808227821055  