theta = [  0.000000000000000000  -0.000009663461538462  -2.124002664460701073  -1.600318813561260933  -1.076220710499995015  -1.058746686404018256  -0.678713606402321368  -0.488851558715934442  0.157051384387985160  0.390152289746140968  1.569076994414448922  2.460269583101045487  3.181881625797358559  3.248140585796112312  3.057705131220672445  3.149295749558786106  4.212506527152956259  4.358826940370756908  3.965665707151554642  4.474739306720036502  4.420253820684187041  5.004485586147550791  5.766169730066524224  6.732125368711408875  7.582689217774451151  9.339167179911436634  9.998849373443626121  11.384878055459587642  11.941143131998861904  12.366265047452754899  13.417672044156356392  14.531930134960697742  15.772495129200263975  16.084372928546088133  16.107894184571740936  15.833177190851364102  16.875733506069913403  17.685601272134249484  18.499778345428158133  19.120524519063216928  20.493244320188647833  20.268389401635690916  20.017765085537337910  20.334087923022678979  20.715171316606376450  21.475298950040841106  22.038255203412290939  22.416710519687640613  22.289156376729422959  22.470303730797795083  22.318464042909717193  22.811610612572714274  23.451822532385019571  24.210945324790440480  23.885473736398505906  23.763379764726018095  24.286487928738516473  24.664859527492939861  24.725859886748690286  24.370910545730520624  24.430790743193092851  24.664663975895908976  25.086400823223392820  25.516018238681965613  25.299310857680630704  24.693078522213923520  24.961737430302818552  25.257898267266025272  25.895363740675350073  26.506943217995136308  26.902878603501434895  26.695200733407268956  26.608040465130027741  26.852426543182151164  27.290999450567429818  27.232881610022733554  27.540670025051817049  27.810455081675041100  27.986220140244611798  27.967983116251140530  27.667649211091749351  27.618099450968532693  27.978311016379713294  28.303091908704068658  28.312938802200086741  28.642771719238968586  31.366456442454126119  32.997265104882067988  36.656667254725185501  38.099091988307790757  39.397765407080377997  40.183035569661662123  40.767679504707381000  41.175683377116961026  41.336770958139339882  41.689884852210028043  42.267430281984857743  41.730863085927481393  41.010452844452998988  41.595600014915206089  42.316906464558961432  42.996548959926897737  43.163625799459296672  44.073639211246224079  44.191933472627582091  44.325706699103967878  44.280134531388355867  44.079416920296502269  43.718624859299772822  44.012923667241082626  44.438835514265910831  44.437573851709906592  44.413533190371900616  44.199427415719284795  44.254322476264214004  44.384337371504742009  44.529171295733924296  44.684665366726569857  44.676880477055334495  44.403367940896117716  44.461699183155666049  44.673234908057700920  45.017031696653184270  45.373093375485858303  45.462582052301904412  45.318291849831275897  45.206353341505952415  45.040438774877905814  45.282437234228751777  45.704349326590687497  45.519272310978983853  45.065470547868187623  45.482998044338579291  45.520087362626576066  45.583810248113024954  45.596489862101286406  45.835312813209412752  46.131604239042175664  45.860019894151882625  45.211148544624251144  45.588271139428336198  46.048574912760003031  46.670511887567045051  46.947466111684164503  47.390688201153821524  47.181520026449007332  47.363801523700558960  47.861660763308101707  48.028415483183430013  48.010655056529849105  47.845115840310569411  48.369480918705583861  48.544259406587890737  48.404177970624843397  48.256342927308033097  48.638863600193801062  49.077451567608555649  49.145150226194090237  49.156277157578053050  49.403539646211022784  49.378530349200332239  49.478208100816743809  49.532588357533100520  49.729275846247574577  49.894365833548555145  49.805147930751729746  49.622463857583049673  49.703023363450050454  49.719912456100942677  49.969376033132270720  50.229210248009415807  50.230309336997883918  50.035132613755571640  49.978960795269905759  49.925558634469382469  50.222612989018415419  50.859116087988063271  51.098175885402049801  51.086942332710655990  51.259136277737979981  50.564635199451252845  51.203989498234122379  51.800618240229418632  52.376120095931185006  52.967611682958839481  53.193548838740369433  53.688980151500878435  54.233083060878428228  54.572906584640527683  54.416470584933037458  54.494818419588803238  54.557054462739252187  54.765834516189350722  54.486965641284022865  54.725214719002110542  55.177891562767953815  55.563720227286097497  55.405059695945475084  55.341353420859199730  55.606692157089788964  56.093634887002544076  56.245102986631657416  56.661797974070175599  56.436136876408539820  56.081208276852152039  56.217535160375568637  56.454908500272125593  57.121803629163366622  58.726332104780929910  59.984147515138253937  61.883083100063082327  64.044894900861663700  65.970628565442396507  70.013243211591770887  71.163746517363421162  72.066176685924190792  72.613771928014998025  72.637397407531707927  73.124419454559486553  73.345416906145516123  73.474915831998359295  73.129287515533050623  73.266721000117826179  73.473789823432056778  73.917429075627964608  74.128721206379481146  74.008227994837085362  73.827798485049257238  73.827801302396338201  73.816264387504290312  74.086139926631773278  74.349963785733081068  74.047132314544427345  73.161791536701656469  72.957083198012995240  72.931015258776056953  73.186201630704829313  73.516893512929286203  73.630017098034159062  73.411308206106681951  73.235242258967630846  73.119209531315192407  73.418401744896740979  73.855419972034496823  74.338498002208780235  74.252255649914914670  74.640745911518891376  75.075899181606402522  75.635824107097207047  75.606635559051937889  75.919998246628253469  76.433710386101054723  76.722037768838376337  77.081257697594210754  77.176667896164929061  77.230520459809923750  77.306799415472980286  77.649785773546639689  78.083963282721043697  78.351471783772737467  78.289876790966161479  78.004654453953961024  77.728430903703667809  78.062100769184695537  78.650139168178142768  78.702668858874304192  78.857763738659642172  78.426567756165269429  77.835689501099267318  78.337390077020586432  79.202989667558441056  79.321751300879057567  80.363850852916826284  80.666646794382344865  81.189071109545224658  81.232460325727245731  81.563750459892176536  82.113827400847171134  82.758649955016338140  82.288242144589972327  82.066860410568352791  82.445553976407225605  82.993413610301232097  83.547753001027999176  84.320002557016152878  84.699746499562678537  84.728335270148292580  84.957525985330747176  85.041171602411438357  85.290452729698856160  85.473974555981726553  85.876025308204177122  86.273741361265535943  86.470185333550219298  86.319181589815926259  86.034124783943113357  85.870845141422037727  86.246272538463159663  86.789759291146992837  86.056957035870283335  84.986987601527076208  ]; 