time = [  0.009999999999999967  0.020000000000000059  0.030000000000000346  0.040000000000000632  0.050000000000000919  0.060000000000001205  0.070000000000000451  0.079999999999999349  0.089999999999998248  0.099999999999997147  0.109999999999996045  0.119999999999994944  0.129999999999993843  0.139999999999992741  0.149999999999991640  0.159999999999990539  0.169999999999989437  0.179999999999988336  0.189999999999987235  0.199999999999986133  0.209999999999985032  0.219999999999983931  0.229999999999982829  0.239999999999981728  0.249999999999980627  0.259999999999979525  0.269999999999978424  0.279999999999977323  0.289999999999976221  0.299999999999975120  0.309999999999974019  0.319999999999972917  0.329999999999971816  0.339999999999970715  0.349999999999969613  0.359999999999968512  0.369999999999967411  0.379999999999966309  0.389999999999965208  0.399999999999964106  0.409999999999963005  0.419999999999961904  0.429999999999960802  0.439999999999959701  0.449999999999958600  0.459999999999957498  0.469999999999956397  0.479999999999955296  0.489999999999954194  0.499999999999953093  0.509999999999952047  0.519999999999950946  0.529999999999949845  0.539999999999948743  0.549999999999947642  0.559999999999946541  0.569999999999945439  0.579999999999944338  0.589999999999943237  0.599999999999942135  0.609999999999941034  0.619999999999939932  0.629999999999938831  0.639999999999937730  0.649999999999936628  0.659999999999935527  0.669999999999934426  0.679999999999933324  0.689999999999932223  0.699999999999931122  0.709999999999930020  0.719999999999928919  0.729999999999927818  0.739999999999926716  0.749999999999925615  0.759999999999924514  0.769999999999923412  0.779999999999922311  0.789999999999921210  0.799999999999920108  0.809999999999919007  0.819999999999917906  0.829999999999916804  0.839999999999915703  0.849999999999914602  0.859999999999913500  0.869999999999912399  0.879999999999911298  0.889999999999910196  0.899999999999909095  0.909999999999907994  0.919999999999906892  0.929999999999905791  0.939999999999904690  0.949999999999903588  0.959999999999902487  0.969999999999901386  0.979999999999900284  0.989999999999899183  0.999999999999898082  1.009999999999919185  1.019999999999940288  1.029999999999961391  1.039999999999982494  1.050000000000003597  1.060000000000024700  1.070000000000045803  1.080000000000066906  1.090000000000088010  1.100000000000109113  1.110000000000130216  1.120000000000151319  1.130000000000172422  1.140000000000193525  1.150000000000214628  1.160000000000235731  1.170000000000256835  1.180000000000277938  1.190000000000299041  1.200000000000320144  1.210000000000341247  1.220000000000362350  1.230000000000383453  1.240000000000404556  1.250000000000425660  1.260000000000446763  1.270000000000467866  1.280000000000488969  1.290000000000510072  1.300000000000531175  1.310000000000552278  1.320000000000573381  1.330000000000594484  1.340000000000615588  1.350000000000636691  1.360000000000657794  1.370000000000678897  1.380000000000700000  1.390000000000721103  1.400000000000742206  1.410000000000763309  1.420000000000784413  1.430000000000805516  1.440000000000826619  1.450000000000847722  1.460000000000868825  1.470000000000889928  1.480000000000911031  1.490000000000932134  1.500000000000953237  1.510000000000974341  1.520000000000995444  1.530000000001016547  1.540000000001037650  1.550000000001058753  1.560000000001079856  1.570000000001100959  1.580000000001122062  1.590000000001143166  1.600000000001164269  1.610000000001185372  1.620000000001206475  1.630000000001227578  1.640000000001248681  1.650000000001269784  1.660000000001290887  1.670000000001311991  1.680000000001333094  1.690000000001354197  1.700000000001375300  1.710000000001396403  1.720000000001417506  1.730000000001438609  1.740000000001459712  1.750000000001480815  1.760000000001501919  1.770000000001523022  1.780000000001544125  1.790000000001565228  1.800000000001586331  1.810000000001607434  1.820000000001628537  1.830000000001649640  1.840000000001670744  1.850000000001691847  1.860000000001712950  1.870000000001734053  1.880000000001755156  1.890000000001776259  1.900000000001797362  1.910000000001818465  1.920000000001839568  1.930000000001860672  1.940000000001881775  1.950000000001902878  1.960000000001923981  1.970000000001945084  1.980000000001966187  1.990000000001987290  2.000000000002008171  2.010000000001984866  2.020000000001961560  2.030000000001938254  2.040000000001914948  2.050000000001891642  2.060000000001868337  2.070000000001845031  2.080000000001821725  2.090000000001798419  2.100000000001775113  2.110000000001751808  2.120000000001728502  2.130000000001705196  2.140000000001681890  2.150000000001658584  2.160000000001635279  2.170000000001611973  2.180000000001588667  2.190000000001565361  2.200000000001542055  2.210000000001518750  2.220000000001495444  2.230000000001472138  2.240000000001448832  2.250000000001425526  2.260000000001402221  2.270000000001378915  2.280000000001355609  2.290000000001332303  2.300000000001308997  2.310000000001285692  2.320000000001262386  2.330000000001239080  2.340000000001215774  2.350000000001192468  2.360000000001169163  2.370000000001145857  2.380000000001122551  2.390000000001099245  2.400000000001075939  2.410000000001052634  2.420000000001029328  2.430000000001006022  2.440000000000982716  2.450000000000959410  2.460000000000936105  2.470000000000912799  2.480000000000889493  2.490000000000866187  2.500000000000842881  2.510000000000819576  2.520000000000796270  2.530000000000772964  2.540000000000749658  2.550000000000726352  2.560000000000703047  2.570000000000679741  2.580000000000656435  2.590000000000633129  2.600000000000609823  2.610000000000586518  2.620000000000563212  2.630000000000539906  2.640000000000516600  2.650000000000493294  2.660000000000469988  2.670000000000446683  2.680000000000423377  2.690000000000400071  2.700000000000376765  2.710000000000353459  2.720000000000330154  2.730000000000306848  2.740000000000283542  2.750000000000260236  2.760000000000236930  2.770000000000213625  2.780000000000190319  2.790000000000167013  2.800000000000143707  2.810000000000120401  2.820000000000097096  2.830000000000073790  2.840000000000050484  2.850000000000027178  2.860000000000003872  2.869999999999980567  2.879999999999957261  2.889999999999933955  2.899999999999910649  2.909999999999887343  2.919999999999864038  2.929999999999840732  2.939999999999817426  2.949999999999794120  2.959999999999770814  2.969999999999747509  2.979999999999724203  2.989999999999700897  2.999999999999677591  3.009999999999654285  ]; 