time = [  0.001000000000000000  0.001999999999999999  0.003000000000000001  0.004000000000000004  0.004999999999999998  0.005999999999999991  0.006999999999999985  0.007999999999999979  0.008999999999999973  0.009999999999999967  0.010999999999999961  0.011999999999999955  0.012999999999999949  0.013999999999999943  0.014999999999999937  0.015999999999999945  0.016999999999999973  0.018000000000000002  0.019000000000000031  0.020000000000000059  0.021000000000000088  0.022000000000000117  0.023000000000000145  0.024000000000000174  0.025000000000000203  0.026000000000000231  0.027000000000000260  0.028000000000000289  0.029000000000000317  0.030000000000000346  0.031000000000000374  0.032000000000000403  0.033000000000000432  0.034000000000000460  0.035000000000000489  0.036000000000000518  0.037000000000000546  0.038000000000000575  0.039000000000000604  0.040000000000000632  0.041000000000000661  0.042000000000000690  0.043000000000000718  0.044000000000000747  0.045000000000000775  0.046000000000000804  0.047000000000000833  0.048000000000000861  0.049000000000000890  0.050000000000000919  0.051000000000000947  0.052000000000000976  0.053000000000001005  0.054000000000001033  0.055000000000001062  0.056000000000001091  0.057000000000001119  0.058000000000001148  0.059000000000001177  0.060000000000001205  0.061000000000001234  0.062000000000001262  0.063000000000001222  0.064000000000001112  0.065000000000001001  0.066000000000000891  0.067000000000000781  0.068000000000000671  0.069000000000000561  0.070000000000000451  0.071000000000000341  0.072000000000000230  0.073000000000000120  0.074000000000000010  0.074999999999999900  0.075999999999999790  0.076999999999999680  0.077999999999999570  0.078999999999999460  0.079999999999999349  0.080999999999999239  0.081999999999999129  0.082999999999999019  0.083999999999998909  0.084999999999998799  0.085999999999998689  0.086999999999998578  0.087999999999998468  0.088999999999998358  0.089999999999998248  0.090999999999998138  0.091999999999998028  0.092999999999997918  0.093999999999997808  0.094999999999997697  0.095999999999997587  0.096999999999997477  0.097999999999997367  0.098999999999997257  0.099999999999997147  0.100999999999997037  0.101999999999996926  0.102999999999996816  0.103999999999996706  0.104999999999996596  0.105999999999996486  0.106999999999996376  0.107999999999996266  0.108999999999996156  0.109999999999996045  0.110999999999995935  0.111999999999995825  0.112999999999995715  0.113999999999995605  0.114999999999995495  0.115999999999995385  0.116999999999995274  0.117999999999995164  0.118999999999995054  0.119999999999994944  0.120999999999994834  0.121999999999994724  0.122999999999994614  0.123999999999994504  0.124999999999994393  0.125999999999994283  0.126999999999994173  0.127999999999994063  0.128999999999993953  0.129999999999993843  0.130999999999993733  0.131999999999993622  0.132999999999993512  0.133999999999993402  0.134999999999993292  0.135999999999993182  0.136999999999993072  0.137999999999992962  0.138999999999992851  0.139999999999992741  0.140999999999992631  0.141999999999992521  0.142999999999992411  0.143999999999992301  0.144999999999992191  0.145999999999992081  0.146999999999991970  0.147999999999991860  0.148999999999991750  0.149999999999991640  0.150999999999991530  0.151999999999991420  0.152999999999991310  0.153999999999991199  0.154999999999991089  0.155999999999990979  0.156999999999990869  0.157999999999990759  0.158999999999990649  0.159999999999990539  0.160999999999990429  0.161999999999990318  0.162999999999990208  0.163999999999990098  0.164999999999989988  0.165999999999989878  0.166999999999989768  0.167999999999989658  0.168999999999989547  0.169999999999989437  0.170999999999989327  0.171999999999989217  0.172999999999989107  0.173999999999988997  0.174999999999988887  0.175999999999988777  0.176999999999988666  0.177999999999988556  0.178999999999988446  0.179999999999988336  0.180999999999988226  0.181999999999988116  0.182999999999988006  0.183999999999987895  0.184999999999987785  0.185999999999987675  0.186999999999987565  0.187999999999987455  0.188999999999987345  0.189999999999987235  0.190999999999987125  0.191999999999987014  0.192999999999986904  0.193999999999986794  0.194999999999986684  0.195999999999986574  0.196999999999986464  0.197999999999986354  0.198999999999986243  0.199999999999986133  0.200999999999986023  0.201999999999985913  0.202999999999985803  0.203999999999985693  0.204999999999985583  0.205999999999985473  0.206999999999985362  0.207999999999985252  0.208999999999985142  0.209999999999985032  0.210999999999984922  0.211999999999984812  0.212999999999984702  0.213999999999984591  0.214999999999984481  0.215999999999984371  0.216999999999984261  0.217999999999984151  0.218999999999984041  0.219999999999983931  0.220999999999983820  0.221999999999983710  0.222999999999983600  0.223999999999983490  0.224999999999983380  0.225999999999983270  0.226999999999983160  0.227999999999983050  0.228999999999982939  0.229999999999982829  0.230999999999982719  0.231999999999982609  0.232999999999982499  0.233999999999982389  0.234999999999982279  0.235999999999982168  0.236999999999982058  0.237999999999981948  0.238999999999981838  0.239999999999981728  0.240999999999981618  0.241999999999981508  0.242999999999981398  0.243999999999981287  0.244999999999981177  0.245999999999981067  0.246999999999980957  0.247999999999980847  0.248999999999980737  0.249999999999980627  0.250999999999980516  0.251999999999980406  0.252999999999980296  0.253999999999980186  0.254999999999980076  0.255999999999979966  0.256999999999979856  0.257999999999979746  0.258999999999979635  0.259999999999979525  0.260999999999979415  0.261999999999979305  0.262999999999979195  0.263999999999979085  0.264999999999978975  0.265999999999978864  0.266999999999978754  0.267999999999978644  0.268999999999978534  0.269999999999978424  0.270999999999978314  0.271999999999978204  0.272999999999978094  0.273999999999977983  0.274999999999977873  0.275999999999977763  0.276999999999977653  0.277999999999977543  0.278999999999977433  0.279999999999977323  0.280999999999977212  0.281999999999977102  0.282999999999976992  0.283999999999976882  0.284999999999976772  0.285999999999976662  0.286999999999976552  0.287999999999976442  0.288999999999976331  0.289999999999976221  0.290999999999976111  0.291999999999976001  0.292999999999975891  0.293999999999975781  0.294999999999975671  0.295999999999975560  0.296999999999975450  0.297999999999975340  0.298999999999975230  0.299999999999975120  0.300999999999975010  0.301999999999974900  0.302999999999974789  0.303999999999974679  0.304999999999974569  0.305999999999974459  0.306999999999974349  0.307999999999974239  0.308999999999974129  0.309999999999974019  0.310999999999973908  0.311999999999973798  0.312999999999973688  0.313999999999973578  0.314999999999973468  0.315999999999973358  0.316999999999973248  0.317999999999973137  0.318999999999973027  0.319999999999972917  0.320999999999972807  0.321999999999972697  0.322999999999972587  0.323999999999972477  0.324999999999972367  0.325999999999972256  0.326999999999972146  0.327999999999972036  0.328999999999971926  0.329999999999971816  0.330999999999971706  0.331999999999971596  0.332999999999971485  0.333999999999971375  0.334999999999971265  0.335999999999971155  0.336999999999971045  0.337999999999970935  0.338999999999970825  0.339999999999970715  0.340999999999970604  0.341999999999970494  0.342999999999970384  0.343999999999970274  0.344999999999970164  0.345999999999970054  0.346999999999969944  0.347999999999969833  0.348999999999969723  0.349999999999969613  0.350999999999969503  0.351999999999969393  0.352999999999969283  0.353999999999969173  0.354999999999969063  0.355999999999968952  0.356999999999968842  0.357999999999968732  0.358999999999968622  0.359999999999968512  0.360999999999968402  0.361999999999968292  0.362999999999968181  