torque = [  0.000000000000000000  0.000000000000000000  0.015068708397137233  0.334737507583742155  1.252636558685487511  3.558199352454732178  6.256146010195197782  9.602987863044130989  13.352798261069667163  12.158848332740285869  4.578568353269803382  -2.169560403453455688  -6.320247550113848867  -7.064346210908991175  -3.748244307841565703  -9.554308917868475248  -17.402950748519632640  -19.440511301909303654  -23.826766103554973597  -27.598186850655395119  -17.651885057405156232  -6.522035958064542172  5.875380724647988551  14.861785133055029462  20.097097828811094189  29.186209953841828479  35.966959145171088608  31.105874041488458914  15.242081846226302133  1.978647815491499928  -8.858311197419880045  -13.828134835242185119  -19.315155932614928247  -20.105110666973700972  -10.072525741058820259  -0.158959662135062768  4.511440552490899591  11.163159283402999122  19.050115743403750912  22.441688790866827219  10.358037199355559110  9.122461147258992042  4.523481069750793893  -2.432070526933439059  -10.196632875980821353  -13.179169793012134093  -11.306296868042602810  -5.851340487819605585  -6.618341286847069682  -3.331206404560354439  8.418617383419961797  7.352710710271483485  2.348954386128115690  7.238841870451432570  16.934711804904843291  23.119055438464581442  8.841651983986004382  -2.401151866743262975  -10.461013802763845959  -16.638002792348075332  -17.536339218434729759  -20.295925867696613665  -9.511059171542150636  -2.587901676169417797  4.474289139310263508  10.889281544902637222  12.752420891314399043  6.949425557193479541  -1.531067493513615707  -2.551402455291692295  3.397003207323884055  5.624853490350412599  12.567762904565805471  16.980821938899993029  7.438790903572106039  0.128544005172819331  -5.225884827825606926  -8.788277461131148272  -10.816175147657812516  -10.546061125726277297  -11.740924131267139074  -5.095828884927929181  0.771550742650973898  4.859867956112903009  8.997655103463713999  13.101834057967387537  9.746824455980334534  6.211984655758553409  9.411842825977171145  14.378344020636177447  18.100084036351486105  21.099654787454703353  14.420583078016955270  8.432832738821995022  2.859333434195163282  -2.117196399347172076  -1.712882364577645422  -1.946724760853154379  -3.924646742432283730  -3.574404543913987542  -1.144209806743413660  -3.560909545096585305  -6.391095049485986834  -5.495173955803960730  0.599395729372353525  5.888788163643638107  9.731406008425746990  12.148923866852134879  13.470619935728800343  7.926854302563985044  3.455474132081488126  0.057389013115806270  -2.175368462514690737  -3.253857832268954642  -1.955853887133327973  -2.494932179298118946  -1.709576370295077696  1.320732785523020647  3.550765780628447388  4.749963311434559188  5.244360326306119369  5.535448380774306010  6.062765309266132441  6.987217739773313951  5.229126271039673313  5.168751965959215156  4.951450871133468823  4.399915756158524260  8.311022107459443475  9.735186451216939929  9.851559312179517747  8.690659062572295923  6.678340319978282480  4.396540191059323810  2.398568510366537065  -1.500981094414201689  -2.735033187695153245  -3.038956132377603314  -4.185190342608359870  -5.697460736372996770  -7.449735032526895395  -4.767967219295738523  0.660639681030826931  4.852181977451037298  7.460635048831185223  8.723085646652593894  9.156288253461701387  9.325829788118237929  9.688363528288652660  7.126771559478973117  3.922901641705633491  4.630665894237706581  4.417991829139989335  2.956003524740313360  5.902219967722825977  8.791601198819012808  10.470124804886527414  10.686077014792902062  9.678456052207474514  1.907013754987051835  -4.319713502926942006  -5.739601960682182202  -7.338045113049467716  -6.381944799308616467  -4.667478015640276645  -6.252295855272382852  -10.100354337064842980  -13.910501641042685605  -4.972128190745567444  3.729014760842817910  11.433164248770992799  9.785473168552321965  6.738602453475393439  11.681566005233358752  14.441064482417729664  15.937438909529708653  6.410009028437661627  -0.552706911386602884  -3.475702878983737421  -5.867172127207213705  -4.810824665579297665  -4.506831511564461934  -3.466824750295091739  -0.459413845114993780  2.835065108541086065  6.114033426038209207  8.111100840504168019  10.022206397622859697  14.353420328420268604  13.382236250956449197  12.059190094812725746  10.164177510842812069  7.898448765835566654  11.828575873218582615  14.463334352520957893  7.690166980168794630  3.011954000445469681  -0.118287450186040630  -1.952384468688324493  -1.450833959016752717  -1.500742579009813893  -2.654856263999580523  -4.685310388571666707  -0.284447204288261479  3.003667332563426218  4.661404963319641048  5.081034712388031060  4.887887005700147114  4.646739719308875749  2.048439383565705985  1.068834958332170793  1.253437589906661431  -0.392611561488584060  -2.710660171050081502  -5.372947964453039127  -2.515636436198034342  1.770062258955924728  3.934440025769663674  4.213925385953348979  3.302418916353659473  1.905997677289103187  0.584579737800049126  -1.456825987441122905  -1.942680172445066189  -1.659424623829466094  0.887328953336640525  4.203878354992703237  8.130381603744787355  11.004583233043689461  13.522089889507123317  15.400237504952828616  16.656601946948395465  17.485706264599766513  10.939277428631047684  6.004675445446460813  2.402249785628156165  0.077298082590318132  -0.989634722258573407  -1.047770176434801970  -1.611022087961409666  -2.000882893716305233  -0.363697271286411272  0.036474771986787412  -0.382777812933335404  -0.965366556262313158  -1.208833970098241117  -1.326383864152797187  -3.104512160870544601  -1.228731428603053955  -5.852605946828806971  -0.019568859315879768  4.557432235027269130  7.889334006369250751  10.315932391056616524  12.291293089390936899  9.851011952201000454  8.988044464682392487  5.703846640048578109  4.429687621519470930  4.582659010559310353  5.380526589341171118  6.537693738554755107  2.466287457233208524  2.517679450638286465  6.690113297526329106  10.282382014179194840  12.665342189698694852  13.705631396902186125  13.640300016803552197  4.459546354098925747  -3.731005555912821237  -2.375861066468626603  0.544319451187392112  -5.398494796065193668  -11.826476698222274209  -17.684176120735521920  -22.456440928417716663  -20.188403436131238777  -9.552563809541318562  0.420515311347999132  9.657577522350379695  18.024735340152460594  18.736194522703375043  18.257778753847119901  16.350062621843971300  22.703837954148880840  26.752691146399254052  20.508676320915288471  8.464263177267673299  0.775800755969962452  -4.275263007866878517  1.006487382813157749  7.039122896278191099  13.366342377318115808  19.521619192167399603  21.409403680685375804  25.301135146618236149  30.703958249422260707  36.527331802380359704  37.784171725272265974  27.511114821067550906  4.982223904904717671  -22.452747752997417763  -45.436488040163929725  -63.866230794984431896  -81.063702397336300010  -96.027086961761398243  -107.436472847170989553  -70.018187441159611240  -44.493487882916305409  -13.282143806689353127  9.364529857641322508  23.515189496182497209  30.162957595569835689  30.812926489035358912  6.090342258350061044  -15.006682141444235512  -26.784961655994305119  -32.084251565651477733  -31.480846391158472386  -25.600892616624452813  -15.292069671760724958  6.131848335993430155  22.866344645672068481  34.102997504154252795  39.460532527675965753  39.052757993091489652  33.484702156815679075  7.055232800764517087  -14.859060184428621199  -31.450584865406746360  -42.628914604620405271  -52.739978956119415443  -30.720765886956286295  -10.021354444707466058  7.331540056310306142  17.794882044497050799  28.645204805265031212  39.012342719147738990  37.406270637774191812  14.812735527999713270  -5.693320329808522651  -12.347868094436975639  -4.459622426645596605  -2.050980554703181191  -12.764155215509443764  -17.774636547768142947  -18.117222147995565962  -14.800859657344982878  -22.265858619177631539  