torque = [  0.000000000000000000  0.000000000000000000  32.253342198956495679  17.539067406159063012  62.103275243379421511  66.153805084579190066  -6.360543950502063559  28.886591237507772689  -57.100476570336390125  33.833498846766545398  -20.683100314574950573  2.216988214849954897  2.016981801596002377  -39.738842343201383756  21.676818853003776866  -52.413855175303162071  -31.767914069683300227  -41.129688957154179718  50.338871189325729461  52.680705601662907611  78.306725715109195107  21.228002771196333498  14.650027220756161483  -82.176161364044133961  41.229488507446305334  -38.001255408081185294  15.956240858213789124  26.768951201981586507  -1.896032091910534456  7.701951930680570158  17.283222007952144139  -80.679660654872705550  32.546755940929145368  -82.984177060306919316  -35.454703911893531654  40.317204186122530984  -15.353794705059824466  31.668910779242839482  15.598130561112514059  -29.798890654227790264  -14.617376190111512457  -56.837523448348193256  52.893830781837927191  81.266438171825697623  -38.905930995232886005  55.846285926604664951  -74.036832701112516020  -2.250962538197326612  19.446260100207997112  -27.855528103002949791  66.655234620514931976  92.681277593797759096  1.709588596524788562  -21.504967516162963648  43.097431967170663825  126.683104800186654870  -8.968610693485320695  9.028752968537975931  -267.502735343012716385  134.418851262940449942  94.757226428677370222  -116.533932745477329718  93.424816379824022761  -141.166365815054717814  -103.726309624471568327  177.184682860897396495  139.440339504660300918  -3.654712680927403312  37.250683305064846707  -192.278012082099479585  138.008327271000410974  9.377707066039086214  3.872023999603845912  86.352317490001681222  -205.177151597159905805  122.313115335119917404  -40.306689832468080681  -54.549684614571930297  132.120621493301058536  -122.430822743795715724  6.170211780074944308  111.368975714607699956  -101.141979789546510915  25.193196866057540717  83.206922385985848223  -20.195277215487056566  -16.643148484942489773  18.617936421837448790  15.428437226318854059  36.474838630118213700  -60.635649180947332582  43.140158356905203618  -105.493491114585566493  126.861088832168206864  59.412763183291247060  -87.159620511998724623  -163.354387091186225689  16.124797510535717748  150.541690862235668646  33.464228858736447592  22.556123189430913101  2.069358621031604617  -45.448901704373724897  -123.561862149057702709  121.537078409656785993  111.810273259244453925  -2.583311988670130344  -6.458907175004010348  358.224126870073575901  -55.580637143313438742  -43.617421138170549000  290.583608856902174011  -242.139846203280626469  5.116406298313227907  193.949654458707044569  -201.653277424272744156  39.667876808591941540  140.074241505709323974  -221.242264014342623568  111.143686301247996084  99.215037281421516013  -157.389689524663509701  100.183982769876408270  -109.647755404321046058  -25.987582532121681567  143.363758882736249234  -115.821161884373296402  -44.723172771100763612  144.416675670508368512  -115.887252592080741920  108.985079254815019567  233.111007159808480083  -217.916612302982429128  95.002129313679617439  -57.269489115729868445  -98.812133245818813521  153.285033268860786393  -90.173183351622071768  -110.529320868059528493  168.097910166386810715  129.309075291976199651  -18.990252254239255336  -20.517773860508999206  34.806506928036270665  -194.193445004576091151  215.690116057562732976  118.883398417382025514  -170.382058000667768738  132.900781397554396790  79.461060688349206771  241.757601507360362803  -125.205369049105485146  122.079281579921044454  -28.795597577350591223  -9.494691993350324211  106.458891350022540223  -306.189285898004584396  292.322894679303544763  105.960988622706253182  -209.760186628793661612  145.165773858397329832  -11.592912622383831689  -148.845382625869461890  195.656823262287559828  -122.764935920718656348  -53.319440715780288542  169.315731451998999546  -96.452402297060771730  -69.645959402354662870  168.970813451525629034  -148.936232422805687747  26.506289697853286924  110.374918874603963559  -128.274861652379883026  -5.669112085738237994  131.783023618154714995  -83.707814833464027515  36.073273489248578016  -52.138826519115497149  -35.773064071672472153  51.754164308591910526  60.134812686646682778  55.408360472252411455  20.531822242354326846  35.478951541483098708  78.001606263228481453  -71.226777237123371833  -58.190921898115682609  -30.799472246064745207  -78.628222389674846227  170.746722830248984337  91.560495106813831967  -189.245100533142505128  154.246225758072426970  119.988144914807776331  -126.013966547313785327  127.186565839713907167  36.968600481604354968  -86.316776587171759161  82.299841963086123542  -229.446618494327196913  8.607049770232395147  4.931774127552029263  -67.999560720793709834  123.612976844620121142  129.691619765522489161  -6.143466735644953935  -4.102901489666449741  -70.247370816510368741  33.923221108334118412  -19.919986577118056204  32.171511170821538883  -2.801740602038950811  23.923479181135107297  44.344026948186240134  -53.175922148042175763  74.518534111884562776  90.601176055941763821  25.225880483964317591  69.225588370238156699  -262.945705593307536674  185.096431823798866390  53.805204092695738893  -49.644401554865261517  110.403296324009659202  -197.484743164170026830  57.801200006676928922  129.809094847513449622  -139.285515976139095073  5.795659668370845452  143.902264877282789257  -155.085387088518132259  -85.822801424288314820  239.294325046920477007  -60.784169513418000008  -67.905711348231164948  139.724496836955808021  -79.356917148406012075  4.272582396482227374  93.169404926882194218  -88.489505918238918980  -30.093981465534877628  114.724966876377564517  -73.236692003578880872  124.356673882572962953  111.924239771353015271  -33.597303442814201446  41.692791385056125364  -145.319905067181906588  74.896859339361412822  42.709752617470634561  -1.781953554735080880  85.368791835875725837  -113.514279942387972255  79.609771104391853669  -76.229756265479920785  -67.779946963066933563  114.072748799988701762  -77.863890282194077486  36.426586157563946244  45.099665835492189103  -90.230897235981259996  18.894934757442285900  79.072732944970354652  -67.988486927453777753  3.597290250741000062  19.546817217929458366  -8.472642932654784076  7.957129396196241267  64.919796156007336663  49.241753936634800937  59.893213107882047552  38.876521496410049394  -56.923949572934141372  96.311827475508252405  94.630428010019670637  -83.480819156591479668  -80.364359994863150405  -118.842537578690908617  -43.847332195974608737  214.325920759778512092  97.918614569697055572  -79.500662740414654195  37.975249569859478527  -170.971105758257039042  90.526301066753674718  92.667589747530513478  -97.501609042437266339  80.488831240566966585  -67.981134150733424804  -56.654586401203424373  111.587409959865127007  -99.533389525711442047  62.435227978176357055  25.643229148066399858  -93.160217356236159958  29.830425976475641647  74.298020356895946747  -70.527284659976828607  -37.928893755034977175  38.068523097304748148  ]; 