vd = [  0.000000000000000000  168.489970536930513845  86.048768138413080919  77.021708571951279509  -83.933331449682924585  40.814400303402841530  -201.992217907657447995  -139.811026380791616930  -323.997736405462376297  -274.252064421628915625  3.596177956758964456  3.017088595628052872  28.757130448460145544  70.242679921622411143  -116.268149400675909533  -143.052427273391458584  193.215458708018559264  210.274124689153723011  -92.045934993542317670  -315.130598734592467736  -300.021017414226719211  -299.236979060514443063  -309.414067315974136818  -314.767492446355220181  -255.084821743165178987  -243.781940841491405081  -330.511152118049267301  -140.194741449188768456  -163.856730862253101577  -175.901805370240310822  -336.782323903757003336  -336.661612959130081890  -193.262382000095783496  125.816557073780700193  117.283221144430740424  -211.962508570062254876  -201.173036120836854934  -187.856619661379625086  161.800068294619592280  336.931270559597351166  180.334550237413367313  187.850424554969549717  202.724521902090913272  224.788940642983561702  319.301120863555183860  303.977465016068606474  289.853378876195222347  302.804661198605572281  311.926479295265949077  245.488293324433470843  -104.699618290911544705  -119.779227388272758503  210.785621461286950762  331.748779345272282626  330.563416192285671968  -114.107678783718782256  -121.542236449390685493  -118.724971788995745214  226.224314653453802748  322.695027971932120181  317.077213967163970665  -319.281484020854747996  -87.961093720761837744  -97.905366230482655965  -86.244334982527078637  259.736878711762813055  300.276673362696897129  -293.387885378044586560  -292.548764005868406457  -9.725107718935674939  -3.448366424969123045  301.415322144875176491  314.392893238616068174  -243.964233124253752294  -227.630403727086900290  -205.747674390874408346  -169.661417073694479996  -109.688464182143775361  302.791317032643291896  266.643551313733212282  -256.803958217272338516  -261.505431727089103333  58.298017434737602116  85.175338542788509244  128.102438137379692762  -336.937643716959087214  -334.452309470323598362  -109.026781406162541543  245.392417666613084748  275.389466277293252006  299.812223501087714794  -263.317428103383292637  -250.560721083172609269  -238.164881697901591906  -219.317441961115889626  150.016303170632340880  206.039034460251485825  -35.121993152987158737  -216.718536077094711345  -296.376269239947419010  189.837086638292021235  139.412155092964070491  336.927955730517851407  121.682453538586116792  84.662450315240775467  72.513272055128837223  78.241574901081293092  97.173241441542160146  -207.936801026862184472  -177.210193873368524464  -133.150494430653424160  -62.324034471141082747  57.870606571837377885  68.704058381469323535  182.716156734589645794  330.702780698546121130  -2.502365615592964332  -58.534402722876592406  -70.075031149642299511  -51.800199559232680713  -4.872144077839635656  74.296713222023242906  184.509486738797562566  -293.312485636179133053  -209.175319099830687719  331.784636479472112569  312.015552952545760945  267.747509912669556797  -63.715507917446146280  -75.480423226103397383  -73.619633254595754579  -57.828159990882717523  -26.468431128221084236  23.343598333650579235  -232.091515829850493446  -336.114079677674965296  -303.895852763096456783  331.380000647384065360  330.782921132607839354  312.199772027179335510  259.136435835418296847  -90.850797097959940629  -108.424882392185594426  -108.099093141324630096  -91.622050662273693433  -58.141961991069351257  -5.434542791988491217  68.449741465350328440  -176.015242990886662255  -317.532414955546357760  77.406382877435063961  327.210101435951685289  268.117090852295746117  312.977471820634036703  13.518479920730499089  -11.060840440429444698  -18.627445871514225928  -11.643640737849068501  -287.102257758576456581  -270.557456652249072704  77.557901730447369459  136.658796929122161146  -332.189850317415277914  -299.816152337620451362  76.472983589327299114  336.936742788507729074  330.792945371511336816  -85.057975793825320920  -76.782027134224179576  -63.985513116167012981  -311.831987919940729626  -303.837008124998419589  -5.057389749104055809  26.825116089913503714  73.616826098202864159  -334.396631033003131961  -336.643610696730888776  -114.300671489624434685  -56.622550311623569996  310.999995296596580374  336.970836050181048904  -40.361714035261627487  -252.389308298276290543  -204.107798148818403661  -159.358218117628325672  226.045963924059634564  269.679237031644106537  10.749689328622453743  -264.308070116698502261  -244.005909497335238711  -223.264814080297554710  -196.446334441610474641  178.998317086994632064  227.066834101078882213  -307.410528029564375174  -274.992475089661297716  -231.345397011670115717  -158.024209751023562376  287.296203401354659945  315.153757717682935890  7.762425531396189626  33.540167503291542062  185.278858672511034911  105.301647110850694844  71.971578447394406908  71.550479060020464317  96.351058262016010758  142.289371408342134373  -128.835806525273738998  -21.051073874280859854  191.653193078151645068  -87.905162442687029056  -187.388595229274670828  -136.144875858985187733  268.096596292409685702  263.250058737628194194  223.917304938698691785  208.258894753845794412  210.868895499830273366  226.113269148785207108  248.940767968196240645  -32.031368146362325433  37.515577089790866694  200.353961815209856923  6.567066355752842810  77.727497674312175491  127.211067548279572748  -173.397109557125190804  -145.246906182019188236  -116.422144659199631178  -82.157151593543147783  -39.900079371269370654  -286.027217760765950061  -253.595207606520887111  -210.441949766971561075  -145.280382569986272756  -37.278213540747124455  150.882037658741040786  271.713237104422262291  -279.759510722755976531  -290.956086851034513074  -297.776997675844540936  -293.382821864873676532  -268.646041986652960532  -181.200354625746001602  -133.074228910748360022  280.851044576910908290  -238.111006014683709964  277.096379185611453977  -254.301760802153580698  -244.273716507891691663  -226.608465459390600927  -195.494099125346110668  -144.054202053226561020  -318.882302966948941503  -274.616188039864482562  -335.523239701747684194  -323.882384924896257417  -254.132269692444992870  -59.442171842328583864  -92.484682274328591234  336.188150714293442434  257.811367420832084463  -284.883446529282991833  -261.001425527006347238  -241.981094299494060351  -222.042853333096786628  -196.911584917491410351  -336.906598894546164047  -209.703384973376927292  93.181567333609905290  81.899001370659078702  -90.646020951954909606  -91.668317276403300298  -66.091434524878451384  -16.845990770402636372  -263.243031224770447807  -332.799234270180420481  -336.906254528579324869  -332.917936753561946261  -324.426991604903264488  -266.742710138232098416  -285.683341849026476211  -297.882639719458893524  -274.281418539561798298  -257.558393364311541518  -329.088013207732046794  -149.155427963388120816  149.388933848532161619  124.858418938066293435  332.674282819200982431  333.666663823315786885  335.029770360617760616  336.352980042774561298  167.323200763333829855  191.010192273243177397  219.241527210095910050  245.211922637747733233  -46.054788023721343393  -300.492349327153192462  -292.146346693957468688  -1.066782121224662205  18.925449369228459773  314.667386507603112022  326.266008321612616783  333.052192904764751802  335.959861102072295580  -336.785618352995527403  -336.911913238015984007  -175.236630090255800951  -174.880375113927073016  -169.493455315652283844  -158.698957702663335567  -142.340941330798671061  -332.765427041669056507  -327.697669263299701470  -250.145214848538898877  -265.065939104063090781  -275.426551686391235307  -283.059111320832698766  -289.407004706263023763  -7.266732469908049552  -17.703300299952729802  -24.487878407349654708  -28.005079009916016730  -28.727969643713038295  -27.035255662257668519  279.580628073039918036  282.094186421247343333  