vd = [  0.000000000000000000  336.979999984265987223  -177.055364031143255943  -9.947042507638316877  176.880240556625665249  -165.108416686219385383  314.354675733865690290  297.510463617991547380  212.059648625118597920  -311.656340639884774646  -292.113938838134401976  -261.745879209228860418  336.706543808611968416  335.069032577010375462  -143.445758194525893714  -336.970002242468979148  -175.355666765710907384  116.676530831653721521  99.730789244334658861  323.288395980517293538  -230.935688929700830840  97.036981446665080853  292.936111883263549771  -303.587854220868507582  -326.302710573189813203  -142.920096177941331916  -299.957474290407731132  333.937901988352678018  307.416402353985574791  -223.134689556438786440  -222.071453861887533776  -334.179264832719184142  -186.958217074624201359  313.388157445519482280  268.817413337121251971  -130.725783126520667565  -132.164825506386648613  -334.677853569560284086  -316.575509959255327885  -324.684303717926582067  -24.541424423809921507  51.011577274020716288  202.479043422407471553  276.222885398196240203  -230.276237346005359541  -293.130119717601587581  -182.044885168086722160  32.987090729353553797  246.748033961566477501  284.055281092837390133  -319.089340063328961605  98.567841377340215558  -308.574037015477756540  130.659586177682314201  -107.130757355608309922  67.421403869415428289  106.844966562223902429  -18.769687576814845897  270.223192291275836396  243.829831751055678524  257.312602343539708727  -282.029669631422279963  -336.618243727496576412  47.133805379059282359  117.773324678574738300  28.255219646689923252  332.064959817981900869  -334.344168136747157405  -243.645576297711926372  -319.114625856531517911  -66.729949212340798681  2.809309770616897239  274.429155576519519855  313.589799234536371841  186.771238629603288928  -166.803176135557578164  -320.546372376097338019  -301.369225718483960463  -78.624806620992671924  248.654056194591646545  276.843477178357318280  -44.559406361076270287  -246.292024108953995665  160.029187032175713057  -179.627532186212846455  -314.365646263110363634  -336.567740170319041226  -290.032234132866619802  169.875164180448678053  -310.381739163758652467  42.968038324192413313  -311.730978245075448285  -189.332510279167024692  -255.062000113205129992  -287.080230494402030672  -222.608552265323424990  312.991869520514740088  212.057734238773633706  -332.136691198070877817  322.680475642166470607  31.828889486699686984  336.336841077683118328  -97.990663105701273139  194.406417726765852194  -225.531132540228497874  317.304461442217245803  -75.434979735799871037  335.392009025408242451  -86.609294685591038387  -159.474809385172392240  -279.882969257638933414  23.009029233038120310  306.129409026109669867  227.401057110110457415  -83.886120608590260872  -310.110757500870079184  -295.671056177860464231  -59.915835501425505072  258.908630822192719734  273.052520592412633960  284.100026805123661688  -259.693218559709350757  -336.946469629519242517  -256.945155848646436425  30.458911947015600674  323.016368871696613496  217.198295159155350120  -165.286129189111960613  -326.249126274619470678  313.880841718110502825  11.394883873286412168  -178.870097129172449968  302.908762598683210854  286.105546460640084661  10.349309869462070210  -284.240372128343665281  -327.202442947825147712  152.211779448073741605  227.280843089431016324  -112.996151916288397388  297.569998757767962161  -160.218908312477850586  302.935817345378552545  114.656518937298443461  239.466772092766518654  -336.420558703945289380  -327.328540820900116159  -71.615498730104278025  333.549425684268214809  -332.645975324493747394  -253.070879641647138669  107.666204636632357960  313.779087854598969898  327.858900245957556763  -143.027754676721286842  -18.801308127827034866  -207.778022707941147473  -146.715491644815557493  -150.081856934801095349  331.207558200342816690  212.896392053042859516  -87.821319923236984550  -320.466279861037378396  -289.685808390299200710  -51.187653660863873029  280.593336453612550940  269.681526132120666261  -13.087289378006147444  -295.459996241101066516  -322.314588312464366027  -157.796368297684153958  178.648055497215182186  328.079205366870496619  79.146386088553569493  -256.147819374298080675  -180.841736327010636387  -23.576268757373583185  -102.501742791688513989  328.424301054375575859  336.489892199433256792  -322.013548225099214051  135.831747758225333200  -285.631974999938734072  -163.720528277760905667  -28.322133973234343784  -329.327099677499063546  243.020771426070211874  100.353399250373044538  -334.603582183153719143  -336.732010350718326208  156.522165714128874470  137.658448865907359959  320.748049683596264003  -158.860765849451126996  -84.237320557452747494  -319.483567422879730202  150.001624846857907869  195.791985848748254284  119.806791910356096764  198.208757257139069452  -279.600133526696765784  -248.019491418535722005  -200.356755032724493049  -134.654288054046162415  300.827428557135476694  254.213114331608380780  -335.499922898756551604  -283.132154684386478039  -335.805372683208702256  -322.532021252776303299  -335.342031073387147444  -332.348389792178863900  -336.978662798508707965  123.296285388126023008  -336.620770796519764190  110.199534396864194719  -259.879336293556889359  -312.845525668508571471  217.862739940670053329  156.210955246103083027  332.052139114297347078  115.244811611585021183  157.540019172149072801  -332.116533438986323290  -305.787467348265352030  -100.000843022837983654  256.770546657212832997  291.887190868793254594  0.126011321400932658  -293.687307834484272462  -325.218636215109142995  336.972391632876451695  248.088744654208142038  333.579772506943470489  59.280357446640721264  -263.212246856972683418  -334.644582078359007937  -226.381892112386765348  66.092073109798960218  335.027668475344114540  148.086676403933722668  -219.199156566523896572  -334.762794250456408918  -286.994493173054934232  172.125340803116614552  -138.891139869542854512  244.840002900187727164  319.626083600539118379  232.443476703927899507  -329.688002850243151443  -292.140116827756571638  -165.053545843700561591  -241.776898099363705796  271.117259519092783648  320.291567232435852475  87.119533339369098712  -219.498136423831454067  -332.819958601788584929  -302.569561930433451380  -110.871138835334633654  235.436061921368946059  289.865505906529051572  -95.639029580792922047  -283.794016144335614626  -199.595338761290548746  -213.575274093165603517  320.090258325343825163  334.821383573835873904  -317.337346090289429412  106.379343340638229165  -46.875999771881765810  -239.104627288485687586  -84.427028392712728078  -336.795484324758433559  286.420319837510817251  -25.135951506913130515  -201.581594122190722373  -30.686990370809922979  -177.172773675838470808  -304.826009959242696823  265.847192485861341993  243.290874184271956437  -86.237456591085830837  -230.096926605234557428  -288.296601228754411750  -131.333892740291020118  -140.150842456048195572  333.935466085329267116  227.659479132882779595  -18.914567166916157248  -268.065780599066727063  -336.966842385796553572  -269.544304429922476629  -25.715986560313464082  303.573126288830337671  213.848225410006619995  -168.301457135734693793  -313.421331595268725323  204.259298291316383711  331.112304688370272743  -118.588651825743596646  ]; 