vq = [  0.000000000000000000  291.824697011008140635  325.800757302625129341  328.052100078264743388  326.359795734336273654  334.499185541420388290  269.721463480101647292  306.599740475186990807  92.606645340595861171  -195.809411317420341447  -336.953396571700579898  -336.959079316032841689  -335.743281996040309423  -329.570159259801471308  316.278740025384081491  305.100847275607293341  276.085687633839484079  263.325488485657729143  324.157476866209265154  119.345002820728424808  153.420706121548931833  -154.960481293577799988  -133.485787059843261204  -120.320181594916633117  220.186869893188799097  232.638967665904999649  -65.710720020402391128  -306.424474262578257822  -294.451177121501018519  -287.417951465444275527  11.540654486853501481  14.645093367982122246  -276.043793012542550969  -312.603131659301368472  -315.903735329433857260  -261.958811491021776874  -270.333004820030907922  -279.750628965337909904  -295.586301876387437915  5.730560103113772286  -284.657643403039912755  -279.754788969947924215  -269.171492132192668123  -251.038754222744671551  107.714040938390709812  145.441469885328075407  171.873613897110033122  -147.850806942336504335  -127.484883306070571507  230.848474633593639282  320.294417508079334311  314.965808689404980214  262.916226553590718140  -59.103903086211346363  -65.409111233742834202  317.064601618808978856  314.289689165875756771  315.364717479309319970  249.756040686857375022  -97.048662429197591450  -114.072627478829176084  107.749050661911056181  325.289670829784768102  322.436138204726489676  325.749042424569609011  214.691113549375927505  -152.919728587696113209  -165.768118507146624552  167.229616503001977890  336.832222682090616672  336.954941685237145066  150.679540669266458508  121.295626801019324148  232.447793952098379577  248.465134890482886476  266.867792061629529599  291.145200052565314763  318.620408609468938721  -147.895026047657552226  -206.050326238034728021  218.190850962961889081  212.533361092391260172  331.891345353086023806  326.030191333906600448  311.673369571994726357  4.852649128665120770  41.136074764971141349  318.855267066756880467  230.939570686439338942  194.193629711713157349  153.828328328810187031  210.272337729245691662  225.321656765129802125  238.386268654314307014  255.832725836111421813  301.745967964804663097  266.652276717614597601  335.137239879521473540  258.037981850934841077  160.364046567209697969  -278.419469392292342036  -306.789457792042355777  -5.484214105649272142  314.235428393954748572  326.163752528882014303  329.078029246805328967  327.763298607548335895  322.657535329404879576  265.175050068280654614  286.621819803313542252  309.558502116922227287  331.166476454426231157  331.973663556324368074  -329.894341144279167111  -283.134826584867994370  64.739410240203085323  336.963294920126713805  331.849736560055930568  329.605846377880652653  332.967360686788765634  336.937362382368007729  328.679969516712219502  281.969454481310606297  165.901495381826549647  264.199179180185979021  -58.902283090615213723  -127.266722566504114411  204.601551540224932069  330.901578193307898346  328.417761562325267732  328.839885049637530301  331.981060170710463808  335.938897053631819745  336.170487724364647875  244.303197353011825044  24.038498279467773955  145.594761686307947457  61.178554828793885179  -64.328683236787568944  -126.833839121021881624  215.403880140582742797  324.494463163499460734  319.052611390885033416  319.163140132324201659  324.277541296868321297  331.918719286712473604  336.928760573721945093  329.947203125635098786  287.357189982883710400  112.799332487391666291  327.969163626448164450  -80.523744792307070384  -204.116999659519308352  124.902452068661403928  336.701313715487628997  336.791006064374869311  336.457340858252337057  336.771360996552516553  176.416602243185423049  200.871069611750584727  327.925747443339162146  308.017689717631924395  56.616461794192396439  153.836911037191526930  328.180448439648614567  4.914805812378062910  -64.238238219480109592  326.068491507316650768  328.115895240019256107  330.849474098510256681  127.715837964601462318  145.717522799257295674  336.942047255793966087  335.910603504507832895  328.840513494348726908  -41.586261083198891697  14.886347240685836368  316.995079542448706889  332.181291997773485036  129.747922239691035884  -2.485166320796059924  334.546642483881669250  223.282685080410260525  268.133412939978825307  296.918303104363076272  249.907475179805601329  202.048590866486222239  336.808498377547039127  209.025759245813446796  232.404044903441103997  252.395219350114786039  273.787073547231841530  285.508533812955818121  248.990307544918550775  138.019169732638431469  194.755391712692784267  245.009859472257033985  297.622030585215441079  176.100583384240621854  -119.283833579938260527  -336.883167740645546928  -335.299241157735934848  281.473382274437597061  320.104800832074204209  329.204514391571706255  329.296294158135935959  322.911743316636943746  305.465636666743364458  311.370934600653868074  336.314400889765579450  277.163449141569060430  -325.312469505742797082  -280.073266803525996238  -308.253293862922930657  -204.143917405165638002  210.356674559514999601  251.816529453672387717  264.912734146565640003  262.839937733564511291  249.846579868429330418  227.110145084950062255  335.454187415617468560  334.885207012223759193  270.949830014616225071  336.908589377863052050  327.885589897439956530  312.038248056755776361  288.935920844634154037  304.062263692247938707  316.222086815666273196  326.803804138106613664  334.602013776469675577  178.168322380931130056  221.912124677777740089  263.191386975857199104  304.054486630798521674  334.911712538111260073  301.314007493754388634  -199.317428194917312112  -187.856691550139345281  169.985527270516968201  157.731999328806011818  165.762009494655330855  203.420323670000811944  284.107295648327749404  309.591295096954809196  186.207450756301398087  -238.440082141777622837  -191.750151497531362565  221.090792232572823650  232.122543886897290122  249.397528735235397335  274.467814441460063790  304.629136538037982973  108.924748388956089684  195.285619602561069996  -31.299776677215717768  93.036128118926654906  221.296881814829049517  331.695867635801391771  324.032571667909508051  23.087826214339049358  216.988070606895576020  179.991506170700063194  213.152002741870944647  234.522217287871001190  253.480752097071245998  273.461785493479112574  6.668401488496186857  -263.770760865964973618  -323.840571746734553926  -326.876236478714986333  324.559423350451709211  324.272169647215775967  330.435232205108093240  336.558662041201273496  210.365468812485801209  -52.869590752000206635  6.685777189419241040  52.116900760249933455  91.091443480133989397  -205.921943920775760262  -178.719189204663450710  -157.548257222246235187  195.755529681866562441  217.288283081939198382  -72.502413497673316556  -302.164164430795722183  -302.048788113280238576  -312.987059121281788521  -53.696759219996565093  -47.138920787586769734  -36.201842109369472666  -20.547340858245270567  -292.495248582631688805  -277.606971102746399538  -255.897785656084153061  -231.131211551797207449  -333.810545754912425309  -152.511863131522119374  167.931641064084146819  336.970897753809367714  336.440709967261796010  120.581741024396848161  84.297166108247125749  51.300654979516338017  26.200994795547337901  -11.444110738298254759  -6.773707869373286172  287.823986894270603898  288.040584565985341214  291.243012898615916129  297.262787414083618387  305.433430354577467369  53.129003056481721501  78.547806840172356146  -225.782850202314364196  -208.063864916480724787  -194.141027563073464535  -182.833430901908229771  -172.609703041432339887  -336.894224581415414832  -336.507231891964067927  -336.081638546662134104  -335.806848510793088280  -335.745778405704299985  -335.886318429880020631  -188.122813093692911934  -184.332282542517674528  -179.605021358913148788  -336.946844404969795050  