vq = [  0.000000000000000000  0.003256393269180086  286.717488946522678361  336.833158619146729507  -286.816848280802048521  -293.759648589403354890  -121.374057365478861925  158.249942931451755612  261.880181346534243403  128.163355679211719007  167.988007588557053396  -212.237167143240469613  -13.572905232826181887  -35.836626625651476274  -304.916117011056030606  2.595763608351862484  -287.751479735996099407  -316.136216769117083913  321.876208555097321096  -95.053337560795952754  -245.396070742110424590  322.706282293542585649  166.565166690746309541  146.252983455274204516  84.125293638069976510  -305.162858266844807531  -153.544904097862570325  45.122074118105430784  -138.006085086255723127  252.510265679742474276  253.455695891150924126  -43.298301502088349935  -280.351830786567347786  -123.868410714363776037  203.193804639417351154  310.582184909341378898  309.980611166031451376  -39.258862530317514938  -115.479292057223148049  90.197690209922896543  -336.085166121997190203  -333.096591672770841797  269.356197129097438392  193.006325127953658694  246.014996434909619438  -166.223504097178050642  -283.566894649640858006  -335.354105092387101195  229.490591731347564064  181.281883376060335422  108.339805510021193413  322.234238719776499238  135.397886383329421278  -310.610039272685469314  -319.497294555703263086  330.166434848058372609  -319.585164044609030043  -336.449435703749031745  -201.320516353933896880  232.599513215853249903  217.590774333829216403  184.417432485904555506  -15.610201466212288324  -333.659899220136082931  -315.721345415949713242  335.785893866641913519  57.344423103577298662  42.065397097217079647  232.792511800864957650  108.242226148339526048  -330.306878944593620417  -336.968289574275445375  195.548363651197092850  123.336781914989046527  280.485337978233360445  292.792118043147752360  103.925680722460143102  -150.771715483513304434  -327.671579086306962836  -227.424018729507224634  192.128107115529473958  334.013447726062167931  229.979918291612648318  -296.548787309817441837  -285.104320622808984353  121.366226148698245879  -16.663633356642460370  171.557066660048917583  291.029120526908116062  131.220030459074820328  334.229364482791595492  127.962186443772026223  278.753878015161433268  -220.213305809058169871  -176.452444631360634730  252.984096058105592419  -124.846359863455745653  -261.891270853989453826  56.927486858259655378  97.097037011680328078  -335.473459746137677939  -20.689448784047215213  322.410226111405052052  275.239293531553414596  -250.372187377560521782  -113.461002766873491510  328.420595866583653333  -32.675995499762457541  -325.652197952304391038  296.847282501735776350  -187.659392188693743719  -336.186121859388435951  -140.855618735373326444  248.675055408271020951  326.364279182546965785  131.859161540776341326  -161.645137556843650373  -331.603101030838558927  -215.689223851766712414  197.466060261586392244  181.211751071585979389  214.743923392721512755  -4.195302290168740456  -218.013097870327953842  -335.600618418685257893  -95.973691176521953139  257.634284475220511013  293.659694029807553761  84.332861697856799310  122.594213401093469429  -336.787287499861463402  -285.580132905114396635  -147.637412257317009789  178.028481545961966503  336.821038810264724361  180.991532424705269477  -80.554858860763999928  -300.636155766989190852  -248.784931862160533456  317.470297905349070788  158.122167315036392665  -296.454755096216729271  147.598817641902115838  316.866543867103928278  237.078444867038570010  19.409484313739625350  80.072134753985011457  -329.274572809290589248  47.909337114984538175  -53.825449905399580075  222.509888044111335148  -319.317254120635993786  -122.854417837692210469  -77.839999271670336611  305.120602044725330870  336.455095388199652007  265.290062453686118715  -303.364607216168280956  -301.713368313374417085  -62.065105720275170142  261.209966599280164701  325.327434631699702550  104.172392835768590658  -172.155896841377114015  -333.062078402507154351  -186.595561294828740984  202.057899778876105756  336.718349386900399622  162.030597660784223990  -98.330191502745577736  -297.742892625775425586  -285.719086209105626040  76.938647023734645813  327.545986887679646316  218.949351647577145741  284.335700114027872587  -336.146818382358787858  -321.004543085871205221  75.418846676724385247  18.029875338342776558  99.311606368448664739  308.383300874168980954  -178.787300485064577060  294.526930139763749139  -335.780256543330096974  -71.408555635908314230  233.433991981845167629  321.682637417684759384  39.886924515484025733  -12.730952920583121113  -298.423075582567491892  -307.580350243367092844  -103.301561368992253165  297.184753097674729361  326.281464728385969920  -107.148374247361573453  -301.744985874504493495  -274.255395998886342568  314.963256606463005483  272.523042964407977706  188.080539367994532540  228.115882466770131032  -270.938544083080330438  -308.899250024600007691  151.849855540601595294  -221.192713394738689203  -31.548726359845915113  182.733968883118876647  28.022769923647786072  97.614628343290107182  33.109608162553485045  55.633369120055292001  -0.949325301976435942  313.605723746541627861  -15.394175049651636300  318.444008541245352717  -214.507003439800939759  125.232573515018714261  -257.082373852319960861  -298.586097903268068876  -57.375089252407349250  316.653055178238730605  297.878610034929010908  57.001159405516304446  -141.578772313634573266  -321.800173702131075970  -218.218721301492536213  168.381684763596069843  336.979976439471670346  165.221939142582613158  -88.223367740564540895  0.362262779945268676  -228.040563788553896529  47.697582028004916310  331.717294059415735319  210.415858490998971320  -39.541467381760838862  -249.603210878221887015  -330.435104479002063727  -36.152251839647973952  302.689379114528946957  255.943841810121625713  38.527854115289045467  176.591859510691250534  -289.695341713520406302  -307.025685677500121074  231.535944034260239732  106.745899603596924976  243.968346501944637339  69.723318743574381529  167.957353336687134515  -293.781978619390201857  -234.722081412363706932  -200.114855890209440759  104.708337380040660491  325.523743082944065463  255.677711315569069939  52.738971486047773851  -148.348173541926740882  -318.210802032957985830  -241.081697156917584834  171.853160825025241820  323.115613949475687150  181.690617142908592996  -271.499953410434443413  -260.645595115535343211  -105.345844366138564396  38.080986091516571435  113.346957318995791297  319.740456100752169277  -333.696216044606899231  237.454201077248484353  -326.232428303466008401  10.923630145414364279  -177.521616546493874012  -336.033789817251090426  270.028488993770395155  335.572395436639340005  -286.636236762054409155  -143.637138684360053276  207.064710186182594498  -233.163185212959319870  325.758532475667607287  246.182713292236883262  174.457999750802400740  -310.325526785638658112  -306.444555043750710865  -45.195407846084485470  248.438494436846326607  336.441321935921905606  204.196615231039146465  1.967508487433633491  -202.228563527736270089  -335.997333970419731486  -146.266472413633835004  260.421697341241952017  291.942014663851466594  123.764263251356226192  -268.008699520447351006  -62.571284476653048046  315.416004056951692291  ]; 